=== Train Confusion Matrix ===
[[89  0  0  0  0  0  0  0]
 [ 0 86  0  0  0  0  0  0]
 [ 0  0 91  0  0  0  0  0]
 [ 0  0  0 87  0  0  0  0]
 [ 0  0  0  0 89  0  0  0]
 [ 0  0  0  0  0 76  0  0]
 [ 0  0  0  0  0  0 96  0]
 [ 0  0  0  0  0  0  0 90]]
Training Step [4/200]: 100%|██████████| 11/11 [03:16<00:00, 17.89s/it, loss = 0.005823]
=== Train Confusion Matrix ===
[[87  0  0  0  0  0  0  0]
 [ 0 85  0  0  0  0  0  0]
 [ 0  0 90  0  0  0  0  0]
 [ 0  0  0 79  0  0  0  0]
 [ 0  0  0  0 92  0  0  0]
 [ 0  0  0  0  0 86  0  0]
 [ 0  0  0  0  0  0 96  0]
 [ 0  0  0  0  0  0  0 89]]
Training Step [5/200]: 100%|██████████| 11/11 [03:26<00:00, 18.77s/it, loss = 0.005072]
=== Train Confusion Matrix ===
[[90  0  0  0  0  0  0  0]
 [ 0 84  0  0  0  0  0  0]
 [ 0  0 90  0  0  0  0  0]
 [ 0  0  0 83  0  0  0  0]
 [ 0  0  0  0 94  0  0  0]
 [ 0  0  0  0  0 81  0  0]
 [ 0  0  0  0  0  0 95  0]
 [ 0  0  0  0  0  0  0 87]]
Test Step [5/200]: 100%|██████████| 4/4 [00:28<00:00,  7.05s/it, loss = 9.918]
=== Test Confusion Matrix ===
[[ 0  0  0  0  0  0  0  0]
 [30 30 30 30 29 30 13 30]
 [ 0  0  0  0  0  0  0  0]
 [ 0  0  0  0  0  0  0  0]
 [ 0  0  0  0  0  0  0  0]
 [ 0  0  0  0  1  0 17  0]
 [ 0  0  0  0  0  0  0  0]
 [ 0  0  0  0  0  0  0  0]]
Training Step [6/200]: 100%|██████████| 11/11 [03:29<00:00, 19.07s/it, loss = 0.003234]
=== Train Confusion Matrix ===
[[90  0  0  0  0  0  0  0]
 [ 0 84  0  0  0  0  0  0]
 [ 0  0 85  0  0  0  0  0]
 [ 0  0  0 84  0  0  0  0]
 [ 0  0  0  0 95  0  0  0]
 [ 0  0  0  0  0 86  0  0]
 [ 0  0  0  0  0  0 91  0]
 [ 0  0  0  0  0  0  0 89]]
Training Step [7/200]: 100%|██████████| 11/11 [03:20<00:00, 18.20s/it, loss = 0.001476]
=== Train Confusion Matrix ===
[[90  0  0  0  0  0  0  0]
 [ 0 85  0  0  0  0  0  0]
 [ 0  0 87  0  0  0  0  0]
 [ 0  0  0 86  0  0  0  0]
 [ 0  0  0  0 91  0  0  0]
 [ 0  0  0  0  0 84  0  0]
 [ 0  0  0  0  0  0 94  0]
 [ 0  0  0  0  0  0  0 87]]
Training Step [8/200]: 100%|██████████| 11/11 [03:29<00:00, 19.00s/it, loss = 0.001909]
=== Train Confusion Matrix ===
[[93  0  0  0  0  0  0  0]
 [ 0 86  0  0  0  0  0  0]
 [ 0  0 91  0  0  0  0  0]
 [ 0  0  0 83  0  0  0  0]
 [ 0  0  0  0 96  0  0  0]
 [ 0  0  0  0  0 84  0  0]
 [ 0  0  0  0  0  0 88  0]
 [ 0  0  0  0  0  0  0 83]]
Training Step [9/200]: 100%|██████████| 11/11 [03:24<00:00, 18.59s/it, loss = 0.002218]
=== Train Confusion Matrix ===
[[88  0  0  0  0  0  0  0]
 [ 0 87  0  0  0  0  0  0]
 [ 0  0 90  0  0  0  0  0]
 [ 0  0  0 84  0  0  0  0]
 [ 0  0  0  0 96  0  0  0]
 [ 0  0  0  0  0 78  0  0]
 [ 0  0  0  0  0  0 90  0]
 [ 0  0  0  0  0  0  0 91]]
Training Step [10/200]: 100%|██████████| 11/11 [03:21<00:00, 18.33s/it, loss = 0.001498]
=== Train Confusion Matrix ===
[[88  0  0  0  0  0  0  0]
 [ 0 85  0  0  0  0  0  0]
 [ 0  0 93  0  0  0  0  0]
 [ 0  0  0 81  0  0  0  0]
 [ 0  0  0  0 95  0  0  0]
 [ 0  0  0  0  0 80  0  0]
 [ 0  0  0  0  0  0 94  0]
 [ 0  0  0  0  0  0  0 88]]
Test Step [10/200]: 100%|██████████| 4/4 [00:28<00:00,  7.06s/it, loss = 9.286]
=== Test Confusion Matrix ===
[[ 0  0  1  0  0  0  0  0]
 [ 8 12 14 10  6  3  9 15]
 [ 0  0  0  0  0  0  0  0]
 [ 0  0  0  0  0  0  0  1]
 [12 14 13 20 20 26 21 13]
 [ 0  0  0  0  1  0  0  0]
 [ 0  0  0  0  0  0  0  0]
 [10  4  2  0  3  1  0  1]]
Training Step [11/200]: 100%|██████████| 11/11 [03:20<00:00, 18.25s/it, loss = 0.001422]
=== Train Confusion Matrix ===
[[88  0  0  0  0  0  0  0]
 [ 0 81  0  0  0  0  0  0]
 [ 0  0 90  0  0  0  0  0]
 [ 0  0  0 82  0  0  0  0]
 [ 0  0  0  0 96  0  0  0]
 [ 0  0  0  0  0 80  0  0]
 [ 0  0  0  0  0  0 95  0]
 [ 0  0  0  0  0  0  0 92]]
Training Step [12/200]: 100%|██████████| 11/11 [03:20<00:00, 18.20s/it, loss = 0.002483]
=== Train Confusion Matrix ===
[[93  0  0  0  0  0  0  0]
 [ 0 82  0  0  0  0  0  0]
 [ 0  0 88  0  0  0  0  0]
 [ 0  0  0 82  0  0  0  0]
 [ 0  0  0  0 94  0  0  0]
 [ 0  0  0  0  0 85  0  0]
 [ 0  0  0  0  0  0 91  0]
 [ 0  0  0  0  0  0  0 89]]
Training Step [13/200]: 100%|██████████| 11/11 [03:19<00:00, 18.10s/it, loss = 0.006619]
=== Train Confusion Matrix ===
[[95  0  0  0  0  0  0  0]
 [ 0 82  0  0  0  0  0  0]
 [ 0  0 89  0  0  0  0  0]
 [ 0  0  0 80  0  0  0  0]
 [ 0  0  0  0 94  0  0  0]
 [ 0  0  0  0  0 82  0  0]
 [ 0  0  0  0  0  0 92  0]
 [ 0  0  0  0  0  0  0 90]]
Training Step [14/200]: 100%|██████████| 11/11 [03:19<00:00, 18.12s/it, loss = 0.003222]
=== Train Confusion Matrix ===
[[90  0  0  0  0  0  0  0]
 [ 0 83  0  0  0  0  0  0]
 [ 0  0 91  0  0  0  0  0]
 [ 0  0  0 82  0  0  0  0]
 [ 0  0  0  0 92  0  0  0]
 [ 0  0  0  0  0 82  0  0]
 [ 0  0  0  0  0  0 93  0]
 [ 0  0  0  0  0  0  0 91]]
Training Step [15/200]: 100%|██████████| 11/11 [03:16<00:00, 17.83s/it, loss = 0.003285]
Test Step [15/200]:   0%|          | 0/4 [00:00<?, ?it/s]=== Train Confusion Matrix ===
[[93  0  0  0  0  0  0  0]
 [ 0 84  0  0  0  0  0  0]
 [ 0  0 91  0  0  0  0  0]
 [ 0  0  0 82  0  0  0  0]
 [ 0  0  0  0 96  0  0  0]
 [ 0  0  0  0  0 83  0  0]
 [ 0  0  0  0  0  0 89  0]
 [ 0  0  0  0  0  0  0 86]]
Test Step [15/200]: 100%|██████████| 4/4 [00:25<00:00,  6.47s/it, loss = 9.862]
=== Test Confusion Matrix ===
[[ 0  0  0  0  0  0  0  0]
 [30 30 27 30 30 30 30 28]
 [ 0  0  0  0  0  0  0  0]
 [ 0  0  0  0  0  0  0  0]
 [ 0  0  3  0  0  0  0  2]
 [ 0  0  0  0  0  0  0  0]
 [ 0  0  0  0  0  0  0  0]
 [ 0  0  0  0  0  0  0  0]]
Training Step [16/200]: 100%|██████████| 11/11 [03:17<00:00, 17.97s/it, loss = 0.001157]
=== Train Confusion Matrix ===
[[89  0  0  0  0  0  0  0]
 [ 0 86  0  0  0  0  0  0]
 [ 0  0 90  0  0  0  0  0]
 [ 0  0  0 83  0  0  0  0]
 [ 0  0  0  0 90  0  0  0]
 [ 0  0  0  0  0 82  0  0]
 [ 0  0  0  0  0  0 93  0]
 [ 0  0  0  0  0  0  0 91]]
Training Step [17/200]: 100%|██████████| 11/11 [03:17<00:00, 17.93s/it, loss = 0.001088]
=== Train Confusion Matrix ===
[[91  0  0  0  0  0  0  0]
 [ 0 83  0  0  0  0  0  0]
 [ 0  0 92  0  0  0  0  0]
 [ 0  0  0 83  0  0  0  0]
 [ 0  0  0  0 93  0  0  0]
 [ 0  0  0  0  0 78  0  0]
 [ 0  0  0  0  0  0 92  0]
 [ 0  0  0  0  0  0  0 92]]
Training Step [18/200]: 100%|██████████| 11/11 [03:18<00:00, 18.03s/it, loss = 0.002508]
=== Train Confusion Matrix ===
[[93  0  0  0  0  0  0  0]
 [ 0 82  0  0  0  0  0  0]
 [ 0  0 95  0  0  0  0  0]
 [ 0  0  0 82  0  0  0  0]
 [ 0  0  0  0 95  0  0  0]
 [ 0  0  0  0  0 82  0  0]
 [ 0  0  0  0  0  0 91  0]
 [ 0  0  0  0  0  0  0 84]]
Training Step [19/200]: 100%|██████████| 11/11 [03:19<00:00, 18.11s/it, loss = 0.001625]
=== Train Confusion Matrix ===
[[88  0  0  0  0  0  0  0]
 [ 0 80  0  0  0  0  0  0]
 [ 0  0 90  0  0  0  0  0]
 [ 0  0  0 83  0  0  0  0]
 [ 0  0  0  0 93  0  0  0]
 [ 0  0  0  0  0 84  0  0]
 [ 0  0  0  0  0  0 95  0]
 [ 0  0  0  0  0  0  0 91]]
Training Step [20/200]: 100%|██████████| 11/11 [03:16<00:00, 17.82s/it, loss = 0.0008987]
=== Train Confusion Matrix ===
[[92  0  0  0  0  0  0  0]
 [ 0 83  0  0  0  0  0  0]
 [ 0  0 93  0  0  0  0  0]
 [ 0  0  0 82  0  0  0  0]
 [ 0  0  0  0 89  0  0  0]
 [ 0  0  0  0  0 83  0  0]
 [ 0  0  0  0  0  0 95  0]
 [ 0  0  0  0  0  0  0 87]]
Test Step [20/200]: 100%|██████████| 4/4 [00:25<00:00,  6.41s/it, loss = 9.362]
=== Test Confusion Matrix ===
[[ 0  0  0  0  0  0  0  0]
 [29 29 30 28 28 29 30 29]
 [ 0  0  0  0  0  0  0  0]
 [ 0  0  0  0  0  0  0  0]
 [ 1  1  0  2  2  1  0  1]
 [ 0  0  0  0  0  0  0  0]
 [ 0  0  0  0  0  0  0  0]
 [ 0  0  0  0  0  0  0  0]]
Training Step [21/200]: 100%|██████████| 11/11 [03:20<00:00, 18.27s/it, loss = 0.001021]
=== Train Confusion Matrix ===
[[86  0  0  0  0  0  0  0]
 [ 0 83  0  0  0  0  0  0]
 [ 0  0 91  0  0  0  0  0]
 [ 0  0  0 84  0  0  0  0]
 [ 0  0  0  0 94  0  0  0]
 [ 0  0  0  0  0 84  0  0]
 [ 0  0  0  0  0  0 88  0]
 [ 0  0  0  0  0  0  0 94]]
Training Step [22/200]: 100%|██████████| 11/11 [03:16<00:00, 17.91s/it, loss = 0.000785]
=== Train Confusion Matrix ===
[[93  0  0  0  0  0  0  0]
 [ 0 85  0  0  0  0  0  0]
 [ 0  0 89  0  0  0  0  0]
 [ 0  0  0 81  0  0  0  0]
 [ 0  0  0  0 91  0  0  0]
 [ 0  0  0  0  0 80  0  0]
 [ 0  0  0  0  0  0 93  0]
 [ 0  0  0  0  0  0  0 92]]
Training Step [23/200]: 100%|██████████| 11/11 [03:31<00:00, 19.23s/it, loss = 0.0008872]
=== Train Confusion Matrix ===
[[88  0  0  0  0  0  0  0]
 [ 0 79  0  0  0  0  0  0]
 [ 0  0 94  0  0  0  0  0]
 [ 0  0  0 81  0  0  0  0]
 [ 0  0  0  0 92  0  0  0]
 [ 0  0  0  0  0 86  0  0]
 [ 0  0  0  0  0  0 96  0]
 [ 0  0  0  0  0  0  0 88]]
Training Step [24/200]: 100%|██████████| 11/11 [03:19<00:00, 18.12s/it, loss = 0.002037]
=== Train Confusion Matrix ===
[[89  0  0  0  0  0  0  0]
 [ 0 85  0  0  0  0  0  0]
 [ 0  0 94  0  0  0  0  0]
 [ 0  0  0 82  0  0  0  0]
 [ 0  0  0  0 92  0  0  0]
 [ 0  0  0  0  0 79  0  0]
 [ 0  0  0  0  0  0 91  0]
 [ 0  0  0  0  0  0  0 92]]
Training Step [25/200]: 100%|██████████| 11/11 [03:17<00:00, 17.92s/it, loss = 0.00109]
=== Train Confusion Matrix ===
[[91  0  0  0  0  0  0  0]
 [ 0 86  0  0  0  0  0  0]
 [ 0  0 93  0  0  0  0  0]
 [ 0  0  0 80  0  0  0  0]
 [ 0  0  0  0 89  0  0  0]
 [ 0  0  0  0  0 85  0  0]
 [ 0  0  0  0  0  0 92  0]
 [ 0  0  0  0  0  0  0 88]]
Test Step [25/200]: 100%|██████████| 4/4 [00:26<00:00,  6.51s/it, loss = 9.79]
=== Test Confusion Matrix ===
[[ 0  0  0  0  0  0  0  0]
 [30 30 30 30 30 30 30 30]
 [ 0  0  0  0  0  0  0  0]
 [ 0  0  0  0  0  0  0  0]
 [ 0  0  0  0  0  0  0  0]
 [ 0  0  0  0  0  0  0  0]
 [ 0  0  0  0  0  0  0  0]
 [ 0  0  0  0  0  0  0  0]]
Training Step [26/200]: 100%|██████████| 11/11 [03:22<00:00, 18.42s/it, loss = 0.0005342]
=== Train Confusion Matrix ===
[[87  0  0  0  0  0  0  0]
 [ 0 84  0  0  0  0  0  0]
 [ 0  0 93  0  0  0  0  0]
 [ 0  0  0 87  0  0  0  0]
 [ 0  0  0  0 93  0  0  0]
 [ 0  0  0  0  0 79  0  0]
 [ 0  0  0  0  0  0 93  0]
 [ 0  0  0  0  0  0  0 88]]
Training Step [27/200]: 100%|██████████| 11/11 [03:19<00:00, 18.15s/it, loss = 0.0007827]
=== Train Confusion Matrix ===
[[89  0  0  0  0  0  0  0]
 [ 0 81  0  0  0  0  0  0]
 [ 0  0 93  0  0  0  0  0]
 [ 0  0  0 84  0  0  0  0]
 [ 0  0  0  0 94  0  0  0]
 [ 0  0  0  0  0 80  0  0]
 [ 0  0  0  0  0  0 93  0]
 [ 0  0  0  0  0  0  0 90]]
Training Step [28/200]: 100%|██████████| 11/11 [03:18<00:00, 18.01s/it, loss = 0.001129]
=== Train Confusion Matrix ===
[[88  0  0  0  0  0  0  0]
 [ 0 84  0  0  0  0  0  0]
 [ 0  0 93  0  0  0  0  0]
 [ 0  0  0 82  0  0  0  0]
 [ 0  0  0  0 93  0  0  0]
 [ 0  0  0  0  0 81  0  0]
 [ 0  0  0  0  0  0 95  0]
 [ 0  0  0  0  0  0  0 88]]
Training Step [29/200]: 100%|██████████| 11/11 [03:16<00:00, 17.86s/it, loss = 0.001262]
=== Train Confusion Matrix ===
[[88  0  0  0  0  0  0  0]
 [ 0 85  0  0  0  0  0  0]
 [ 0  0 86  0  0  0  0  0]
 [ 0  0  0 84  0  0  0  0]
 [ 0  0  0  0 93  0  0  0]
 [ 0  0  0  0  0 83  0  0]
 [ 0  0  0  0  0  0 92  0]
 [ 0  0  0  0  0  0  0 93]]
Training Step [30/200]: 100%|██████████| 11/11 [03:16<00:00, 17.88s/it, loss = 0.0007272]
Test Step [30/200]:   0%|          | 0/4 [00:00<?, ?it/s]=== Train Confusion Matrix ===
[[93  0  0  0  0  0  0  0]
 [ 0 81  0  0  0  0  0  0]
 [ 0  0 91  0  0  0  0  0]
 [ 0  0  0 83  0  0  0  0]
 [ 0  0  0  0 95  0  0  0]
 [ 0  0  0  0  0 77  0  0]
 [ 0  0  0  0  0  0 94  0]
 [ 0  0  0  0  0  0  0 90]]
Test Step [30/200]: 100%|██████████| 4/4 [00:25<00:00,  6.35s/it, loss = 10.68]
=== Test Confusion Matrix ===
[[ 0  0  0  0  0  0  0  0]
 [30 30 30 30 30 30 30 30]
 [ 0  0  0  0  0  0  0  0]
 [ 0  0  0  0  0  0  0  0]
 [ 0  0  0  0  0  0  0  0]
 [ 0  0  0  0  0  0  0  0]
 [ 0  0  0  0  0  0  0  0]
 [ 0  0  0  0  0  0  0  0]]
Training Step [31/200]: 100%|██████████| 11/11 [03:24<00:00, 18.56s/it, loss = 0.02448]
=== Train Confusion Matrix ===
[[88  0  0  0  0  0  0  0]
 [ 0 83  0  0  0  0  0  0]
 [ 0  0 92  0  0  0  0  0]
 [ 0  0  0 83  0  0  0  0]
 [ 0  0  0  0 92  0  0  0]
 [ 0  0  0  0  0 86  0  0]
 [ 0  0  0  0  0  0 92  0]
 [ 0  0  0  1  0  0  0 87]]
Training Step [32/200]: 100%|██████████| 11/11 [03:18<00:00, 18.03s/it, loss = 0.0042]
=== Train Confusion Matrix ===
[[86  0  0  0  0  0  0  0]
 [ 0 84  0  0  0  0  0  0]
 [ 0  0 91  0  0  0  0  0]
 [ 0  0  0 85  0  0  0  0]
 [ 0  0  0  0 95  0  0  0]
 [ 0  0  0  0  0 85  0  0]
 [ 0  0  0  0  0  0 89  0]
 [ 0  0  0  0  0  0  0 89]]
Training Step [33/200]: 100%|██████████| 11/11 [03:16<00:00, 17.90s/it, loss = 0.001001]
=== Train Confusion Matrix ===
[[89  0  0  0  0  0  0  0]
 [ 0 85  0  0  0  0  0  0]
 [ 0  0 96  0  0  0  0  0]
 [ 0  0  0 79  0  0  0  0]
 [ 0  0  0  0 88  0  0  0]
 [ 0  0  0  0  0 84  0  0]
 [ 0  0  0  0  0  0 91  0]
 [ 0  0  0  0  0  0  0 92]]
Training Step [34/200]: 100%|██████████| 11/11 [03:19<00:00, 18.14s/it, loss = 0.001894]
=== Train Confusion Matrix ===
[[89  0  0  0  0  0  0  0]
 [ 0 82  0  0  0  0  0  0]
 [ 0  0 94  0  0  0  0  0]
 [ 0  0  0 86  0  0  0  0]
 [ 0  0  0  0 88  0  0  0]
 [ 0  0  0  0  0 79  0  0]
 [ 0  0  0  0  0  0 94  0]
 [ 0  0  0  0  0  0  0 92]]
Training Step [35/200]: 100%|██████████| 11/11 [03:17<00:00, 17.99s/it, loss = 0.004045]
=== Train Confusion Matrix ===
[[93  0  0  0  0  0  0  0]
 [ 0 80  0  0  0  0  0  0]
 [ 0  0 93  0  0  0  0  0]
 [ 0  0  0 81  0  0  0  0]
 [ 0  0  0  0 92  0  0  0]
 [ 0  0  0  0  0 81  0  0]
 [ 0  0  0  0  0  0 91  0]
 [ 0  0  0  0  0  0  0 93]]
Test Step [35/200]: 100%|██████████| 4/4 [00:25<00:00,  6.48s/it, loss = 11.31]
=== Test Confusion Matrix ===
[[ 0  0  0  0  0  0  0  0]
 [30 30 29 30 18 28 30 30]
 [ 0  0  1  0  0  0  0  0]
 [ 0  0  0  0  0  0  0  0]
 [ 0  0  0  0 12  0  0  0]
 [ 0  0  0  0  0  2  0  0]
 [ 0  0  0  0  0  0  0  0]
 [ 0  0  0  0  0  0  0  0]]
Training Step [36/200]: 100%|██████████| 11/11 [03:21<00:00, 18.34s/it, loss = 0.001577]
=== Train Confusion Matrix ===
[[87  0  0  0  0  0  0  0]
 [ 0 86  0  0  0  0  0  0]
 [ 0  0 92  0  0  0  0  0]
 [ 0  0  0 83  0  0  0  0]
 [ 0  0  0  0 92  0  0  0]
 [ 0  0  0  0  0 85  0  0]
 [ 0  0  0  0  0  0 88  0]
 [ 0  0  0  0  0  0  0 91]]
Training Step [37/200]: 100%|██████████| 11/11 [03:17<00:00, 17.95s/it, loss = 0.0028]
=== Train Confusion Matrix ===
[[92  0  0  0  0  0  0  0]
 [ 0 85  0  0  0  0  0  0]
 [ 0  0 93  0  0  0  0  0]
 [ 0  0  0 85  0  0  0  0]
 [ 0  0  0  0 92  0  0  0]
 [ 0  0  0  0  0 81  0  0]
 [ 0  0  0  0  0  0 92  0]
 [ 0  0  0  0  0  0  0 84]]
Training Step [38/200]: 100%|██████████| 11/11 [03:19<00:00, 18.15s/it, loss = 0.002573]
=== Train Confusion Matrix ===
[[86  0  0  0  0  0  0  0]
 [ 0 83  0  0  0  0  0  0]
 [ 0  0 91  0  0  0  0  0]
 [ 0  0  0 81  0  0  0  0]
 [ 0  0  0  0 94  0  0  0]
 [ 0  0  0  0  0 84  0  0]
 [ 0  0  0  0  0  0 97  0]
 [ 0  0  0  0  0  0  0 88]]
Training Step [39/200]: 100%|██████████| 11/11 [03:15<00:00, 17.80s/it, loss = 0.0006247]
=== Train Confusion Matrix ===
[[93  0  0  0  0  0  0  0]
 [ 0 83  0  0  0  0  0  0]
 [ 0  0 92  0  0  0  0  0]
 [ 0  0  0 84  0  0  0  0]
 [ 0  0  0  0 93  0  0  0]
 [ 0  0  0  0  0 83  0  0]
 [ 0  0  0  0  0  0 89  0]
 [ 0  0  0  0  0  0  0 87]]
Training Step [40/200]: 100%|██████████| 11/11 [03:15<00:00, 17.80s/it, loss = 0.001294]
Test Step [40/200]:   0%|          | 0/4 [00:00<?, ?it/s]=== Train Confusion Matrix ===
[[91  0  0  0  0  0  0  0]
 [ 0 81  0  0  0  0  0  0]
 [ 0  0 90  0  0  0  0  0]
 [ 0  0  0 85  0  0  0  0]
 [ 0  0  0  0 92  0  0  0]
 [ 0  0  0  0  0 83  0  0]
 [ 0  0  0  0  0  0 88  0]
 [ 0  0  0  0  0  0  0 94]]
Test Step [40/200]: 100%|██████████| 4/4 [00:25<00:00,  6.40s/it, loss = 4.4]
=== Test Confusion Matrix ===
[[11  0  0  0  0  0  0  0]
 [17 30  9 25  0 13  0 18]
 [ 0  0 21  0  0  0  0  0]
 [ 0  0  0  5  0  0  0  0]
 [ 0  0  0  0 30  0  0  0]
 [ 2  0  0  0  0 17  0  0]
 [ 0  0  0  0  0  0 30  0]
 [ 0  0  0  0  0  0  0 12]]
Training Step [41/200]: 100%|██████████| 11/11 [03:18<00:00, 18.04s/it, loss = 0.000589]
=== Train Confusion Matrix ===
[[90  0  0  0  0  0  0  0]
 [ 0 85  0  0  0  0  0  0]
 [ 0  0 92  0  0  0  0  0]
 [ 0  0  0 85  0  0  0  0]
 [ 0  0  0  0 94  0  0  0]
 [ 0  0  0  0  0 79  0  0]
 [ 0  0  0  0  0  0 91  0]
 [ 0  0  0  0  0  0  0 88]]
Training Step [42/200]: 100%|██████████| 11/11 [03:15<00:00, 17.81s/it, loss = 0.0007739]
=== Train Confusion Matrix ===
[[86  0  0  0  0  0  0  0]
 [ 0 84  0  0  0  0  0  0]
 [ 0  0 92  0  0  0  0  0]
 [ 0  0  0 81  0  0  0  0]
 [ 0  0  0  0 95  0  0  0]
 [ 0  0  0  0  0 84  0  0]
 [ 0  0  0  0  0  0 90  0]
 [ 0  0  0  0  0  0  0 92]]
Training Step [43/200]: 100%|██████████| 11/11 [03:33<00:00, 19.37s/it, loss = 0.001128]
=== Train Confusion Matrix ===
[[90  0  0  0  0  0  0  0]
 [ 0 84  0  0  0  0  0  0]
 [ 0  0 88  0  0  0  0  0]
 [ 0  0  0 85  0  0  0  0]
 [ 0  0  0  0 92  0  0  0]
 [ 0  0  0  0  0 83  0  0]
 [ 0  0  0  0  0  0 92  0]
 [ 0  0  0  0  0  0  0 90]]
Training Step [44/200]: 100%|██████████| 11/11 [03:49<00:00, 20.86s/it, loss = 0.0008283]
=== Train Confusion Matrix ===
[[86  0  0  0  0  0  0  0]
 [ 0 84  0  0  0  0  0  0]
 [ 0  0 89  0  0  0  0  0]
 [ 0  0  0 82  0  0  0  0]
 [ 0  0  0  0 95  0  0  0]
 [ 0  0  0  0  0 86  0  0]
 [ 0  0  0  0  0  0 93  0]
 [ 0  0  0  0  0  0  0 89]]
Training Step [45/200]: 100%|██████████| 11/11 [03:22<00:00, 18.39s/it, loss = 0.009417]
Test Step [45/200]:   0%|          | 0/4 [00:00<?, ?it/s]=== Train Confusion Matrix ===
[[90  0  0  0  0  0  0  0]
 [ 0 85  0  0  0  0  0  0]
 [ 0  0 92  0  0  0  0  0]
 [ 0  0  0 79  0  0  0  0]
 [ 0  0  0  0 92  0  0  0]
 [ 0  0  0  0  0 86  0  0]
 [ 0  0  0  0  0  0 92  0]
 [ 0  0  0  0  0  0  0 88]]
Test Step [45/200]: 100%|██████████| 4/4 [00:28<00:00,  7.12s/it, loss = 1.637]
=== Test Confusion Matrix ===
[[15  0  0  0  0  0  0  0]
 [ 0 30  0  1  0  0  0  1]
 [ 0  0 30  0  0  0  0  0]
 [ 0  0  0 29  0  0  0  0]
 [ 0  0  0  0 30  0  0  0]
 [15  0  0  0  0 30  0  0]
 [ 0  0  0  0  0  0 30  0]
 [ 0  0  0  0  0  0  0 29]]
Training Step [46/200]: 100%|██████████| 11/11 [03:21<00:00, 18.28s/it, loss = 0.01398]
=== Train Confusion Matrix ===
[[91  0  0  0  0  0  0  0]
 [ 0 82  0  0  0  0  0  0]
 [ 0  0 93  0  0  0  0  0]
 [ 0  0  0 85  0  0  0  0]
 [ 0  0  0  0 94  0  0  0]
 [ 0  0  0  0  0 77  0  0]
 [ 0  0  0  0  0  0 92  0]
 [ 0  0  0  0  0  0  0 90]]
Training Step [47/200]: 100%|██████████| 11/11 [03:22<00:00, 18.37s/it, loss = 0.000654]
=== Train Confusion Matrix ===
[[90  0  0  0  0  0  0  0]
 [ 0 84  0  0  0  0  0  0]
 [ 0  0 90  0  0  0  0  0]
 [ 0  0  0 81  0  0  0  0]
 [ 0  0  0  0 93  0  0  0]
 [ 0  0  0  0  0 82  0  0]
 [ 0  0  0  0  0  0 95  0]
 [ 0  0  0  0  0  0  0 89]]
Training Step [48/200]: 100%|██████████| 11/11 [03:21<00:00, 18.28s/it, loss = 0.0009424]
=== Train Confusion Matrix ===
[[92  0  0  0  0  0  0  0]
 [ 0 83  0  0  0  0  0  0]
 [ 0  0 92  0  0  0  0  0]
 [ 0  0  0 83  0  0  0  0]
 [ 0  0  0  0 93  0  0  0]
 [ 0  0  0  0  0 82  0  0]
 [ 0  0  0  0  0  0 92  0]
 [ 0  0  0  0  0  0  0 87]]
Training Step [49/200]: 100%|██████████| 11/11 [03:18<00:00, 18.02s/it, loss = 0.0009042]
=== Train Confusion Matrix ===
[[93  0  0  0  0  0  0  0]
 [ 0 84  0  0  0  0  0  0]
 [ 0  0 91  0  0  0  0  0]
 [ 0  0  0 81  0  0  0  0]
 [ 0  0  0  0 95  0  0  0]
 [ 0  0  0  0  0 82  0  0]
 [ 0  0  0  0  0  0 89  0]
 [ 0  0  0  0  0  0  0 89]]
Training Step [50/200]: 100%|██████████| 11/11 [03:16<00:00, 17.87s/it, loss = 0.0008946]
=== Train Confusion Matrix ===
[[92  0  0  0  0  0  0  0]
 [ 0 83  0  0  0  0  0  0]
 [ 0  0 92  0  0  0  0  0]
 [ 0  0  0 81  0  0  0  0]
 [ 0  0  0  0 89  0  0  0]
 [ 0  0  0  0  0 82  0  0]
 [ 0  0  0  0  0  0 95  0]
 [ 0  0  0  0  0  0  0 90]]
Test Step [50/200]: 100%|██████████| 4/4 [00:25<00:00,  6.48s/it, loss = 1.373]
=== Test Confusion Matrix ===
[[18  0  0  0  0  0  0  0]
 [ 0 30  0  0  0  0  0  1]
 [ 0  0 30  0  0  0  0  0]
 [ 0  0  0 30  0  0  0  0]
 [ 0  0  0  0 30  0  0  0]
 [12  0  0  0  0 30  0  0]
 [ 0  0  0  0  0  0 30  0]
 [ 0  0  0  0  0  0  0 29]]
Training Step [51/200]: 100%|██████████| 11/11 [03:19<00:00, 18.12s/it, loss = 0.0009206]
=== Train Confusion Matrix ===
[[90  0  0  0  0  0  0  0]
 [ 0 84  0  0  0  0  0  0]
 [ 0  0 93  0  0  0  0  0]
 [ 0  0  0 84  0  0  0  0]
 [ 0  0  0  0 91  0  0  0]
 [ 0  0  0  0  0 82  0  0]
 [ 0  0  0  0  0  0 93  0]
 [ 0  0  0  0  0  0  0 87]]
Training Step [52/200]: 100%|██████████| 11/11 [03:19<00:00, 18.18s/it, loss = 0.002523]
=== Train Confusion Matrix ===
[[88  0  0  0  0  0  0  0]
 [ 0 85  0  0  0  0  0  0]
 [ 0  0 87  0  0  0  0  0]
 [ 0  0  0 87  0  0  0  0]
 [ 0  0  0  0 95  0  0  0]
 [ 0  0  0  0  0 82  0  0]
 [ 0  0  0  0  0  0 91  0]
 [ 0  0  0  0  0  0  0 89]]
Training Step [53/200]: 100%|██████████| 11/11 [03:20<00:00, 18.24s/it, loss = 0.001039]
=== Train Confusion Matrix ===
[[82  0  0  0  0  0  0  0]
 [ 0 85  0  0  0  0  0  0]
 [ 0  0 95  0  0  0  0  0]
 [ 0  0  0 84  0  0  0  0]
 [ 0  0  0  0 96  0  0  0]
 [ 0  0  0  0  0 81  0  0]
 [ 0  0  0  0  0  0 92  0]
 [ 0  0  0  0  0  0  0 89]]
Training Step [54/200]: 100%|██████████| 11/11 [03:19<00:00, 18.13s/it, loss = 0.0008358]
=== Train Confusion Matrix ===
[[84  0  0  0  0  0  0  0]
 [ 0 86  0  0  0  0  0  0]
 [ 0  0 91  0  0  0  0  0]
 [ 0  0  0 82  0  0  0  0]
 [ 0  0  0  0 96  0  0  0]
 [ 0  0  0  0  0 80  0  0]
 [ 0  0  0  0  0  0 91  0]
 [ 0  0  0  0  0  0  0 94]]
Training Step [55/200]: 100%|██████████| 11/11 [03:18<00:00, 18.07s/it, loss = 0.0006539]
=== Train Confusion Matrix ===
[[89  0  0  0  0  0  0  0]
 [ 0 83  0  0  0  0  0  0]
 [ 0  0 94  0  0  0  0  0]
 [ 0  0  0 85  0  0  0  0]
 [ 0  0  0  0 96  0  0  0]
 [ 0  0  0  0  0 73  0  0]
 [ 0  0  0  0  0  0 94  0]
 [ 0  0  0  0  0  0  0 90]]
Test Step [55/200]: 100%|██████████| 4/4 [00:25<00:00,  6.46s/it, loss = 1.248]
=== Test Confusion Matrix ===
[[19  0  0  0  0  0  0  0]
 [ 0 30  0  0  0  0  0  0]
 [ 0  0 30  0  0  0  0  0]
 [ 0  0  0 30  0  0  0  0]
 [ 0  0  0  0 30  0  0  0]
 [11  0  0  0  0 30  0  0]
 [ 0  0  0  0  0  0 30  0]
 [ 0  0  0  0  0  0  0 30]]
Training Step [56/200]: 100%|██████████| 11/11 [03:20<00:00, 18.19s/it, loss = 0.001132]
=== Train Confusion Matrix ===
[[86  0  0  0  0  0  0  0]
 [ 0 87  0  0  0  0  0  0]
 [ 0  0 92  0  0  0  0  0]
 [ 0  0  0 84  0  0  0  0]
 [ 0  0  0  0 90  0  0  0]
 [ 0  0  0  0  0 86  0  0]
 [ 0  0  0  0  0  0 94  0]
 [ 0  0  0  0  0  0  0 85]]
Training Step [57/200]: 100%|██████████| 11/11 [03:17<00:00, 17.98s/it, loss = 0.0004242]
=== Train Confusion Matrix ===
[[90  0  0  0  0  0  0  0]
 [ 0 84  0  0  0  0  0  0]
 [ 0  0 91  0  0  0  0  0]
 [ 0  0  0 85  0  0  0  0]
 [ 0  0  0  0 91  0  0  0]
 [ 0  0  0  0  0 83  0  0]
 [ 0  0  0  0  0  0 92  0]
 [ 0  0  0  0  0  0  0 88]]
Training Step [58/200]: 100%|██████████| 11/11 [03:22<00:00, 18.44s/it, loss = 0.0008736]
=== Train Confusion Matrix ===
[[93  0  0  0  0  0  0  0]
 [ 0 83  0  0  0  0  0  0]
 [ 0  0 89  0  0  0  0  0]
 [ 0  0  0 82  0  0  0  0]
 [ 0  0  0  0 98  0  0  0]
 [ 0  0  0  0  0 83  0  0]
 [ 0  0  0  0  0  0 90  0]
 [ 0  0  0  0  0  0  0 86]]
Training Step [59/200]: 100%|██████████| 11/11 [03:30<00:00, 19.15s/it, loss = 0.003568]
=== Train Confusion Matrix ===
[[89  0  0  0  0  0  0  0]
 [ 0 86  0  0  0  0  0  0]
 [ 0  0 91  0  0  0  0  0]
 [ 0  0  0 84  0  0  0  0]
 [ 0  0  0  0 93  0  0  0]
 [ 0  0  0  0  0 82  0  0]
 [ 0  0  0  0  0  0 97  0]
 [ 0  0  0  0  0  0  0 82]]
Training Step [60/200]: 100%|██████████| 11/11 [03:37<00:00, 19.77s/it, loss = 0.0004672]
=== Train Confusion Matrix ===
[[89  0  0  0  0  0  0  0]
 [ 0 85  0  0  0  0  0  0]
 [ 0  0 90  0  0  0  0  0]
 [ 0  0  0 83  0  0  0  0]
 [ 0  0  0  0 93  0  0  0]
 [ 0  0  0  0  0 78  0  0]
 [ 0  0  0  0  0  0 95  0]
 [ 0  0  0  0  0  0  0 91]]
Test Step [60/200]: 100%|██████████| 4/4 [00:28<00:00,  7.05s/it, loss = 1.223]
=== Test Confusion Matrix ===
[[19  0  0  0  0  0  0  0]
 [ 0 30  0  0  0  0  0  0]
 [ 0  0 30  0  0  0  0  0]
 [ 0  0  0 30  0  0  0  0]
 [ 0  0  0  0 30  0  0  0]
 [11  0  0  0  0 30  0  0]
 [ 0  0  0  0  0  0 30  0]
 [ 0  0  0  0  0  0  0 30]]
Training Step [61/200]: 100%|██████████| 11/11 [03:21<00:00, 18.36s/it, loss = 0.0004792]
=== Train Confusion Matrix ===
[[89  0  0  0  0  0  0  0]
 [ 0 83  0  0  0  0  0  0]
 [ 0  0 93  0  0  0  0  0]
 [ 0  0  0 81  0  0  0  0]
 [ 0  0  0  0 92  0  0  0]
 [ 0  0  0  0  0 79  0  0]
 [ 0  0  0  0  0  0 96  0]
 [ 0  0  0  0  0  0  0 91]]
Training Step [62/200]: 100%|██████████| 11/11 [03:18<00:00, 18.07s/it, loss = 0.0009006]
=== Train Confusion Matrix ===
[[90  0  0  0  0  0  0  0]
 [ 0 83  0  0  0  0  0  0]
 [ 0  0 91  0  0  0  0  0]
 [ 0  0  0 83  0  0  0  0]
 [ 0  0  0  0 91  0  0  0]
 [ 0  0  0  0  0 83  0  0]
 [ 0  0  0  0  0  0 94  0]
 [ 0  0  0  0  0  0  0 89]]
Training Step [63/200]: 100%|██████████| 11/11 [03:16<00:00, 17.84s/it, loss = 0.007777]
=== Train Confusion Matrix ===
[[93  0  0  0  0  0  0  0]
 [ 0 86  0  0  0  0  0  0]
 [ 0  0 93  0  0  0  0  0]
 [ 0  0  0 81  0  0  0  0]
 [ 0  0  0  0 92  0  0  0]
 [ 0  0  0  0  0 81  0  0]
 [ 0  0  0  0  0  0 90  0]
 [ 0  0  0  0  0  0  0 88]]
Training Step [64/200]: 100%|██████████| 11/11 [03:18<00:00, 18.01s/it, loss = 0.0007543]
=== Train Confusion Matrix ===
[[89  0  0  0  0  0  0  0]
 [ 0 82  0  0  0  0  0  0]
 [ 0  0 94  0  0  0  0  0]
 [ 0  0  0 82  0  0  0  0]
 [ 0  0  0  0 92  0  0  0]
 [ 0  0  0  0  0 82  0  0]
 [ 0  0  0  0  0  0 97  0]
 [ 0  0  0  0  0  0  0 86]]
Training Step [65/200]: 100%|██████████| 11/11 [03:16<00:00, 17.86s/it, loss = 0.0006286]
=== Train Confusion Matrix ===
[[86  0  0  0  0  0  0  0]
 [ 0 86  0  0  0  0  0  0]
 [ 0  0 90  0  0  0  0  0]
 [ 0  0  0 85  0  0  0  0]
 [ 0  0  0  0 94  0  0  0]
 [ 0  0  0  0  0 82  0  0]
 [ 0  0  0  0  0  0 93  0]
 [ 0  0  0  0  0  0  0 88]]
Test Step [65/200]: 100%|██████████| 4/4 [00:25<00:00,  6.37s/it, loss = 1.199]
=== Test Confusion Matrix ===
[[19  0  0  0  0  0  0  0]
 [ 0 30  0  0  0  0  0  0]
 [ 0  0 30  0  0  0  0  0]
 [ 0  0  0 30  0  0  0  0]
 [ 0  0  0  0 30  0  0  0]
 [11  0  0  0  0 30  0  0]
 [ 0  0  0  0  0  0 30  0]
 [ 0  0  0  0  0  0  0 30]]
Training Step [66/200]: 100%|██████████| 11/11 [03:19<00:00, 18.11s/it, loss = 0.0005936]
=== Train Confusion Matrix ===
[[87  0  0  0  0  0  0  0]
 [ 0 83  0  0  0  0  0  0]
 [ 0  0 93  0  0  0  0  0]
 [ 0  0  0 84  0  0  0  0]
 [ 0  0  0  0 95  0  0  0]
 [ 0  0  0  0  0 82  0  0]
 [ 0  0  0  0  0  0 89  0]
 [ 0  0  0  0  0  0  0 91]]
Training Step [67/200]: 100%|██████████| 11/11 [03:20<00:00, 18.22s/it, loss = 0.0006223]
=== Train Confusion Matrix ===
[[89  0  0  0  0  0  0  0]
 [ 0 86  0  0  0  0  0  0]
 [ 0  0 90  0  0  0  0  0]
 [ 0  0  0 83  0  0  0  0]
 [ 0  0  0  0 96  0  0  0]
 [ 0  0  0  0  0 82  0  0]
 [ 0  0  0  0  0  0 92  0]
 [ 0  0  0  0  0  0  0 86]]
Training Step [68/200]: 100%|██████████| 11/11 [03:15<00:00, 17.80s/it, loss = 0.000482]
=== Train Confusion Matrix ===
[[91  0  0  0  0  0  0  0]
 [ 0 82  0  0  0  0  0  0]
 [ 0  0 90  0  0  0  0  0]
 [ 0  0  0 82  0  0  0  0]
 [ 0  0  0  0 91  0  0  0]
 [ 0  0  0  0  0 85  0  0]
 [ 0  0  0  0  0  0 95  0]
 [ 0  0  0  0  0  0  0 88]]
Training Step [69/200]: 100%|██████████| 11/11 [03:17<00:00, 17.93s/it, loss = 0.001097]
=== Train Confusion Matrix ===
[[87  0  0  0  0  0  0  0]
 [ 0 85  0  0  0  0  0  0]
 [ 0  0 96  0  0  0  0  0]
 [ 0  0  0 79  0  0  0  0]
 [ 0  0  0  0 90  0  0  0]
 [ 0  0  0  0  0 83  0  0]
 [ 0  0  0  0  0  0 90  0]
 [ 0  0  0  0  0  0  0 94]]
Training Step [70/200]: 100%|██████████| 11/11 [03:29<00:00, 19.09s/it, loss = 0.0004005]
=== Train Confusion Matrix ===
[[91  0  0  0  0  0  0  0]
 [ 0 82  0  0  0  0  0  0]
 [ 0  0 93  0  0  0  0  0]
 [ 0  0  0 82  0  0  0  0]
 [ 0  0  0  0 95  0  0  0]
 [ 0  0  0  0  0 83  0  0]
 [ 0  0  0  0  0  0 90  0]
 [ 0  0  0  0  0  0  0 88]]
Test Step [70/200]: 100%|██████████| 4/4 [00:25<00:00,  6.28s/it, loss = 1.222]
=== Test Confusion Matrix ===
[[19  0  0  0  0  0  0  0]
 [ 0 30  0  0  0  0  0  0]
 [ 0  0 30  0  0  0  0  0]
 [ 0  0  0 30  0  0  0  0]
 [ 0  0  0  0 30  0  0  0]
 [11  0  0  0  0 30  0  0]
 [ 0  0  0  0  0  0 30  0]
 [ 0  0  0  0  0  0  0 30]]
Training Step [71/200]: 100%|██████████| 11/11 [03:19<00:00, 18.12s/it, loss = 0.0007615]
=== Train Confusion Matrix ===
[[93  0  0  0  0  0  0  0]
 [ 0 84  0  0  0  0  0  0]
 [ 0  0 91  0  0  0  0  0]
 [ 0  0  0 83  0  0  0  0]
 [ 0  0  0  0 94  0  0  0]
 [ 0  0  0  0  0 83  0  0]
 [ 0  0  0  0  0  0 89  0]
 [ 0  0  0  0  0  0  0 87]]
Training Step [72/200]: 100%|██████████| 11/11 [03:16<00:00, 17.83s/it, loss = 0.00078]
=== Train Confusion Matrix ===
[[92  0  0  0  0  0  0  0]
 [ 0 80  0  0  0  0  0  0]
 [ 0  0 93  0  0  0  0  0]
 [ 0  0  0 86  0  0  0  0]
 [ 0  0  0  0 92  0  0  0]
 [ 0  0  0  0  0 80  0  0]
 [ 0  0  0  0  0  0 92  0]
 [ 0  0  0  0  0  0  0 89]]
Training Step [73/200]: 100%|██████████| 11/11 [03:15<00:00, 17.78s/it, loss = 0.0007066]
=== Train Confusion Matrix ===
[[92  0  0  0  0  0  0  0]
 [ 0 84  0  0  0  0  0  0]
 [ 0  0 89  0  0  0  0  0]
 [ 0  0  0 83  0  0  0  0]
 [ 0  0  0  0 94  0  0  0]
 [ 0  0  0  0  0 81  0  0]
 [ 0  0  0  0  0  0 92  0]
 [ 0  0  0  0  0  0  0 89]]
Training Step [74/200]: 100%|██████████| 11/11 [03:17<00:00, 17.92s/it, loss = 0.0004682]
=== Train Confusion Matrix ===
[[91  0  0  0  0  0  0  0]
 [ 0 84  0  0  0  0  0  0]
 [ 0  0 92  0  0  0  0  0]
 [ 0  0  0 86  0  0  0  0]
 [ 0  0  0  0 96  0  0  0]
 [ 0  0  0  0  0 80  0  0]
 [ 0  0  0  0  0  0 86  0]
 [ 0  0  0  0  0  0  0 89]]
Training Step [75/200]: 100%|██████████| 11/11 [03:18<00:00, 18.06s/it, loss = 0.0007749]
=== Train Confusion Matrix ===
[[91  0  0  0  0  0  0  0]
 [ 0 84  0  0  0  0  0  0]
 [ 0  0 88  0  0  0  0  0]
 [ 0  0  0 82  0  0  0  0]
 [ 0  0  0  0 89  0  0  0]
 [ 0  0  0  0  0 88  0  0]
 [ 0  0  0  0  0  0 92  0]
 [ 0  0  0  0  0  0  0 90]]
Test Step [75/200]: 100%|██████████| 4/4 [00:25<00:00,  6.28s/it, loss = 1.301]
=== Test Confusion Matrix ===
[[19  0  0  0  0  0  0  0]
 [ 0 30  0  0  0  0  0  0]
 [ 0  0 30  0  0  0  0  0]
 [ 0  0  0 30  0  0  0  0]
 [ 0  0  0  0 30  0  0  0]
 [11  0  0  0  0 30  0  0]
 [ 0  0  0  0  0  0 30  0]
 [ 0  0  0  0  0  0  0 30]]
Training Step [76/200]: 100%|██████████| 11/11 [03:17<00:00, 17.95s/it, loss = 0.000242]
=== Train Confusion Matrix ===
[[88  0  0  0  0  0  0  0]
 [ 0 84  0  0  0  0  0  0]
 [ 0  0 91  0  0  0  0  0]
 [ 0  0  0 84  0  0  0  0]
 [ 0  0  0  0 94  0  0  0]
 [ 0  0  0  0  0 79  0  0]
 [ 0  0  0  0  0  0 92  0]
 [ 0  0  0  0  0  0  0 92]]
Training Step [77/200]: 100%|██████████| 11/11 [03:14<00:00, 17.70s/it, loss = 0.0007366]
=== Train Confusion Matrix ===
[[92  0  0  0  0  0  0  0]
 [ 0 83  0  0  0  0  0  0]
 [ 0  0 90  0  0  0  0  0]
 [ 0  0  0 81  0  0  0  0]
 [ 0  0  0  0 97  0  0  0]
 [ 0  0  0  0  0 78  0  0]
 [ 0  0  0  0  0  0 92  0]
 [ 0  0  0  0  0  0  0 91]]
Training Step [78/200]: 100%|██████████| 11/11 [03:27<00:00, 18.90s/it, loss = 0.0004803]
=== Train Confusion Matrix ===
[[93  0  0  0  0  0  0  0]
 [ 0 84  0  0  0  0  0  0]
 [ 0  0 90  0  0  0  0  0]
 [ 0  0  0 84  0  0  0  0]
 [ 0  0  0  0 91  0  0  0]
 [ 0  0  0  0  0 80  0  0]
 [ 0  0  0  0  0  0 96  0]
 [ 0  0  0  0  0  0  0 86]]
Training Step [79/200]: 100%|██████████| 11/11 [03:28<00:00, 18.97s/it, loss = 0.0002627]
=== Train Confusion Matrix ===
[[87  0  0  0  0  0  0  0]
 [ 0 83  0  0  0  0  0  0]
 [ 0  0 91  0  0  0  0  0]
 [ 0  0  0 81  0  0  0  0]
 [ 0  0  0  0 95  0  0  0]
 [ 0  0  0  0  0 83  0  0]
 [ 0  0  0  0  0  0 95  0]
 [ 0  0  0  0  0  0  0 89]]
Training Step [80/200]: 100%|██████████| 11/11 [03:19<00:00, 18.16s/it, loss = 0.0002918]
=== Train Confusion Matrix ===
[[89  0  0  0  0  0  0  0]
 [ 0 82  0  0  0  0  0  0]
 [ 0  0 92  0  0  0  0  0]
 [ 0  0  0 84  0  0  0  0]
 [ 0  0  0  0 94  0  0  0]
 [ 0  0  0  0  0 86  0  0]
 [ 0  0  0  0  0  0 94  0]
 [ 0  0  0  0  0  0  0 83]]
Test Step [80/200]: 100%|██████████| 4/4 [00:28<00:00,  7.02s/it, loss = 1.176]
=== Test Confusion Matrix ===
[[19  0  0  0  0  0  0  0]
 [ 0 30  0  0  0  0  0  0]
 [ 0  0 30  0  0  0  0  0]
 [ 0  0  0 30  0  0  0  0]
 [ 0  0  0  0 30  0  0  0]
 [11  0  0  0  0 30  0  0]
 [ 0  0  0  0  0  0 30  0]
 [ 0  0  0  0  0  0  0 30]]
Training Step [81/200]: 100%|██████████| 11/11 [03:19<00:00, 18.16s/it, loss = 0.0003766]
=== Train Confusion Matrix ===
[[86  0  0  0  0  0  0  0]
 [ 0 81  0  0  0  0  0  0]
 [ 0  0 93  0  0  0  0  0]
 [ 0  0  0 84  0  0  0  0]
 [ 0  0  0  0 93  0  0  0]
 [ 0  0  0  0  0 85  0  0]
 [ 0  0  0  0  0  0 92  0]
 [ 0  0  0  0  0  0  0 90]]
Training Step [82/200]: 100%|██████████| 11/11 [03:19<00:00, 18.18s/it, loss = 0.0002023]
=== Train Confusion Matrix ===
[[88  0  0  0  0  0  0  0]
 [ 0 82  0  0  0  0  0  0]
 [ 0  0 89  0  0  0  0  0]
 [ 0  0  0 85  0  0  0  0]
 [ 0  0  0  0 91  0  0  0]
 [ 0  0  0  0  0 88  0  0]
 [ 0  0  0  0  0  0 89  0]
 [ 0  0  0  0  0  0  0 92]]
Training Step [83/200]: 100%|██████████| 11/11 [03:18<00:00, 18.04s/it, loss = 0.0003046]
=== Train Confusion Matrix ===
[[91  0  0  0  0  0  0  0]
 [ 0 83  0  0  0  0  0  0]
 [ 0  0 94  0  0  0  0  0]
 [ 0  0  0 79  0  0  0  0]
 [ 0  0  0  0 91  0  0  0]
 [ 0  0  0  0  0 81  0  0]
 [ 0  0  0  0  0  0 93  0]
 [ 0  0  0  0  0  0  0 92]]
Training Step [84/200]: 100%|██████████| 11/11 [03:15<00:00, 17.76s/it, loss = 0.0006414]
=== Train Confusion Matrix ===
[[88  0  0  0  0  0  0  0]
 [ 0 85  0  0  0  0  0  0]
 [ 0  0 93  0  0  0  0  0]
 [ 0  0  0 83  0  0  0  0]
 [ 0  0  0  0 91  0  0  0]
 [ 0  0  0  0  0 85  0  0]
 [ 0  0  0  0  0  0 92  0]
 [ 0  0  0  0  0  0  0 87]]
Training Step [85/200]: 100%|██████████| 11/11 [03:15<00:00, 17.79s/it, loss = 0.0003971]
=== Train Confusion Matrix ===
[[88  0  0  0  0  0  0  0]
 [ 0 86  0  0  0  0  0  0]
 [ 0  0 93  0  0  0  0  0]
 [ 0  0  0 81  0  0  0  0]
 [ 0  0  0  0 94  0  0  0]
 [ 0  0  0  0  0 81  0  0]
 [ 0  0  0  0  0  0 90  0]
 [ 0  0  0  0  0  0  0 91]]
Test Step [85/200]: 100%|██████████| 4/4 [00:24<00:00,  6.23s/it, loss = 1.168]
=== Test Confusion Matrix ===
[[19  0  0  0  0  0  0  0]
 [ 0 30  0  0  0  0  0  0]
 [ 0  0 30  0  0  0  0  0]
 [ 0  0  0 30  0  0  0  0]
 [ 0  0  0  0 30  0  0  0]
 [11  0  0  0  0 30  0  0]
 [ 0  0  0  0  0  0 30  0]
 [ 0  0  0  0  0  0  0 30]]
Training Step [86/200]: 100%|██████████| 11/11 [03:18<00:00, 18.04s/it, loss = 0.0002837]
=== Train Confusion Matrix ===
[[94  0  0  0  0  0  0  0]
 [ 0 83  0  0  0  0  0  0]
 [ 0  0 90  0  0  0  0  0]
 [ 0  0  0 81  0  0  0  0]
 [ 0  0  0  0 94  0  0  0]
 [ 0  0  0  0  0 83  0  0]
 [ 0  0  0  0  0  0 90  0]
 [ 0  0  0  0  0  0  0 89]]
Training Step [87/200]: 100%|██████████| 11/11 [03:18<00:00, 18.01s/it, loss = 0.0003397]
=== Train Confusion Matrix ===
[[89  0  0  0  0  0  0  0]
 [ 0 84  0  0  0  0  0  0]
 [ 0  0 90  0  0  0  0  0]
 [ 0  0  0 82  0  0  0  0]
 [ 0  0  0  0 95  0  0  0]
 [ 0  0  0  0  0 83  0  0]
 [ 0  0  0  0  0  0 94  0]
 [ 0  0  0  0  0  0  0 87]]
Training Step [88/200]: 100%|██████████| 11/11 [03:17<00:00, 18.00s/it, loss = 0.0003925]
=== Train Confusion Matrix ===
[[92  0  0  0  0  0  0  0]
 [ 0 84  0  0  0  0  0  0]
 [ 0  0 94  0  0  0  0  0]
 [ 0  0  0 83  0  0  0  0]
 [ 0  0  0  0 93  0  0  0]
 [ 0  0  0  0  0 80  0  0]
 [ 0  0  0  0  0  0 90  0]
 [ 0  0  0  0  0  0  0 88]]
Training Step [89/200]: 100%|██████████| 11/11 [03:20<00:00, 18.23s/it, loss = 0.0003058]
=== Train Confusion Matrix ===
[[93  0  0  0  0  0  0  0]
 [ 0 86  0  0  0  0  0  0]
 [ 0  0 92  0  0  0  0  0]
 [ 0  0  0 80  0  0  0  0]
 [ 0  0  0  0 93  0  0  0]
 [ 0  0  0  0  0 79  0  0]
 [ 0  0  0  0  0  0 94  0]
 [ 0  0  0  0  0  0  0 87]]
Training Step [90/200]: 100%|██████████| 11/11 [03:16<00:00, 17.85s/it, loss = 0.0004569]
Test Step [90/200]:   0%|          | 0/4 [00:00<?, ?it/s]=== Train Confusion Matrix ===
[[92  0  0  0  0  0  0  0]
 [ 0 83  0  0  0  0  0  0]
 [ 0  0 91  0  0  0  0  0]
 [ 0  0  0 82  0  0  0  0]
 [ 0  0  0  0 93  0  0  0]
 [ 0  0  0  0  0 82  0  0]
 [ 0  0  0  0  0  0 93  0]
 [ 0  0  0  0  0  0  0 88]]
Test Step [90/200]: 100%|██████████| 4/4 [00:25<00:00,  6.29s/it, loss = 1.204]
=== Test Confusion Matrix ===
[[19  0  0  0  0  0  0  0]
 [ 0 30  0  0  0  0  0  0]
 [ 0  0 30  0  0  0  0  0]
 [ 0  0  0 30  0  0  0  0]
 [ 0  0  0  0 30  0  0  0]
 [11  0  0  0  0 30  0  0]
 [ 0  0  0  0  0  0 30  0]
 [ 0  0  0  0  0  0  0 30]]
Training Step [91/200]: 100%|██████████| 11/11 [03:18<00:00, 18.08s/it, loss = 0.0004346]
=== Train Confusion Matrix ===
[[91  0  0  0  0  0  0  0]
 [ 0 84  0  0  0  0  0  0]
 [ 0  0 90  0  0  0  0  0]
 [ 0  0  0 81  0  0  0  0]
 [ 0  0  0  0 98  0  0  0]
 [ 0  0  0  0  0 80  0  0]
 [ 0  0  0  0  0  0 91  0]
 [ 0  0  0  0  0  0  0 89]]
Training Step [92/200]: 100%|██████████| 11/11 [03:17<00:00, 17.92s/it, loss = 0.0003952]
=== Train Confusion Matrix ===
[[88  0  0  0  0  0  0  0]
 [ 0 82  0  0  0  0  0  0]
 [ 0  0 94  0  0  0  0  0]
 [ 0  0  0 83  0  0  0  0]
 [ 0  0  0  0 92  0  0  0]
 [ 0  0  0  0  0 81  0  0]
 [ 0  0  0  0  0  0 90  0]
 [ 0  0  0  0  0  0  0 94]]
Training Step [93/200]: 100%|██████████| 11/11 [03:18<00:00, 18.06s/it, loss = 0.0002847]
=== Train Confusion Matrix ===
[[91  0  0  0  0  0  0  0]
 [ 0 85  0  0  0  0  0  0]
 [ 0  0 93  0  0  0  0  0]
 [ 0  0  0 81  0  0  0  0]
 [ 0  0  0  0 91  0  0  0]
 [ 0  0  0  0  0 87  0  0]
 [ 0  0  0  0  0  0 89  0]
 [ 0  0  0  0  0  0  0 87]]
Training Step [94/200]: 100%|██████████| 11/11 [03:15<00:00, 17.76s/it, loss = 0.0002199]
=== Train Confusion Matrix ===
[[92  0  0  0  0  0  0  0]
 [ 0 81  0  0  0  0  0  0]
 [ 0  0 91  0  0  0  0  0]
 [ 0  0  0 84  0  0  0  0]
 [ 0  0  0  0 92  0  0  0]
 [ 0  0  0  0  0 81  0  0]
 [ 0  0  0  0  0  0 89  0]
 [ 0  0  0  0  0  0  0 94]]
Training Step [95/200]: 100%|██████████| 11/11 [03:17<00:00, 17.92s/it, loss = 0.0004322]
Test Step [95/200]:   0%|          | 0/4 [00:00<?, ?it/s]=== Train Confusion Matrix ===
[[89  0  0  0  0  0  0  0]
 [ 0 84  0  0  0  0  0  0]
 [ 0  0 88  0  0  0  0  0]
 [ 0  0  0 84  0  0  0  0]
 [ 0  0  0  0 94  0  0  0]
 [ 0  0  0  0  0 83  0  0]
 [ 0  0  0  0  0  0 93  0]
 [ 0  0  0  0  0  0  0 89]]
Test Step [95/200]: 100%|██████████| 4/4 [00:25<00:00,  6.28s/it, loss = 1.274]
=== Test Confusion Matrix ===
[[19  0  0  0  0  0  0  0]
 [ 0 30  0  0  0  0  0  0]
 [ 0  0 30  0  0  0  0  0]
 [ 0  0  0 30  0  0  0  0]
 [ 0  0  0  0 30  0  0  0]
 [11  0  0  0  0 30  0  0]
 [ 0  0  0  0  0  0 30  0]
 [ 0  0  0  0  0  0  0 30]]
Training Step [96/200]: 100%|██████████| 11/11 [03:20<00:00, 18.20s/it, loss = 0.002876]
=== Train Confusion Matrix ===
[[90  0  0  0  0  0  0  0]
 [ 0 81  0  0  0  0  0  0]
 [ 0  0 94  0  0  0  0  0]
 [ 0  0  0 81  0  0  0  0]
 [ 0  0  0  0 90  0  0  0]
 [ 0  0  0  0  0 86  0  0]
 [ 0  0  0  0  0  0 91  0]
 [ 0  0  0  0  0  0  0 91]]
Training Step [97/200]: 100%|██████████| 11/11 [03:17<00:00, 17.99s/it, loss = 0.0004077]
=== Train Confusion Matrix ===
[[87  0  0  0  0  0  0  0]
 [ 0 86  0  0  0  0  0  0]
 [ 0  0 90  0  0  0  0  0]
 [ 0  0  0 85  0  0  0  0]
 [ 0  0  0  0 90  0  0  0]
 [ 0  0  0  0  0 85  0  0]
 [ 0  0  0  0  0  0 90  0]
 [ 0  0  0  0  0  0  0 91]]
Training Step [98/200]: 100%|██████████| 11/11 [03:16<00:00, 17.83s/it, loss = 0.0002608]
=== Train Confusion Matrix ===
[[89  0  0  0  0  0  0  0]
 [ 0 86  0  0  0  0  0  0]
 [ 0  0 94  0  0  0  0  0]
 [ 0  0  0 81  0  0  0  0]
 [ 0  0  0  0 88  0  0  0]
 [ 0  0  0  0  0 84  0  0]
 [ 0  0  0  0  0  0 92  0]
 [ 0  0  0  0  0  0  0 90]]
Training Step [99/200]: 100%|██████████| 11/11 [03:15<00:00, 17.77s/it, loss = 0.0002147]
=== Train Confusion Matrix ===
[[93  0  0  0  0  0  0  0]
 [ 0 84  0  0  0  0  0  0]
 [ 0  0 93  0  0  0  0  0]
 [ 0  0  0 83  0  0  0  0]
 [ 0  0  0  0 88  0  0  0]
 [ 0  0  0  0  0 82  0  0]
 [ 0  0  0  0  0  0 92  0]
 [ 0  0  0  0  0  0  0 89]]
Training Step [100/200]: 100%|██████████| 11/11 [03:19<00:00, 18.18s/it, loss = 0.000698]
=== Train Confusion Matrix ===
[[95  0  0  0  0  0  0  0]
 [ 0 87  0  0  0  0  0  0]
 [ 0  0 91  0  0  0  0  0]
 [ 0  0  0 79  0  0  0  0]
 [ 0  0  0  0 90  0  0  0]
 [ 0  0  0  0  0 80  0  0]
 [ 0  0  0  0  0  0 92  0]
 [ 0  0  0  0  0  0  0 90]]
Test Step [100/200]: 100%|██████████| 4/4 [00:25<00:00,  6.30s/it, loss = 1.216]
=== Test Confusion Matrix ===
[[19  0  0  0  0  0  0  0]
 [ 0 30  0  0  0  0  0  0]
 [ 0  0 30  0  0  0  0  0]
 [ 0  0  0 30  0  0  0  0]
 [ 0  0  0  0 30  0  0  0]
 [11  0  0  0  0 30  0  0]
 [ 0  0  0  0  0  0 30  0]
 [ 0  0  0  0  0  0  0 30]]
Training Step [101/200]: 100%|██████████| 11/11 [03:21<00:00, 18.29s/it, loss = 0.0003276]
=== Train Confusion Matrix ===
[[89  0  0  0  0  0  0  0]
 [ 0 84  0  0  0  0  0  0]
 [ 0  0 89  0  0  0  0  0]
 [ 0  0  0 82  0  0  0  0]
 [ 0  0  0  0 95  0  0  0]
 [ 0  0  0  0  0 85  0  0]
 [ 0  0  0  0  0  0 90  0]
 [ 0  0  0  0  0  0  0 90]]
Training Step [102/200]: 100%|██████████| 11/11 [03:17<00:00, 17.98s/it, loss = 0.0002998]
=== Train Confusion Matrix ===
[[92  0  0  0  0  0  0  0]
 [ 0 85  0  0  0  0  0  0]
 [ 0  0 88  0  0  0  0  0]
 [ 0  0  0 83  0  0  0  0]
 [ 0  0  0  0 92  0  0  0]
 [ 0  0  0  0  0 81  0  0]
 [ 0  0  0  0  0  0 94  0]
 [ 0  0  0  0  0  0  0 89]]
Training Step [103/200]: 100%|██████████| 11/11 [03:15<00:00, 17.73s/it, loss = 0.0002801]
=== Train Confusion Matrix ===
[[92  0  0  0  0  0  0  0]
 [ 0 82  0  0  0  0  0  0]
 [ 0  0 90  0  0  0  0  0]
 [ 0  0  0 83  0  0  0  0]
 [ 0  0  0  0 89  0  0  0]
 [ 0  0  0  0  0 83  0  0]
 [ 0  0  0  0  0  0 95  0]
 [ 0  0  0  0  0  0  0 90]]
Training Step [104/200]: 100%|██████████| 11/11 [03:17<00:00, 17.95s/it, loss = 0.0002275]
=== Train Confusion Matrix ===
[[92  0  0  0  0  0  0  0]
 [ 0 80  0  0  0  0  0  0]
 [ 0  0 93  0  0  0  0  0]
 [ 0  0  0 85  0  0  0  0]
 [ 0  0  0  0 88  0  0  0]
 [ 0  0  0  0  0 85  0  0]
 [ 0  0  0  0  0  0 91  0]
 [ 0  0  0  0  0  0  0 90]]
Training Step [105/200]: 100%|██████████| 11/11 [03:17<00:00, 18.00s/it, loss = 0.0004545]
=== Train Confusion Matrix ===
[[90  0  0  0  0  0  0  0]
 [ 0 83  0  0  0  0  0  0]
 [ 0  0 89  0  0  0  0  0]
 [ 0  0  0 85  0  0  0  0]
 [ 0  0  0  0 93  0  0  0]
 [ 0  0  0  0  0 85  0  0]
 [ 0  0  0  0  0  0 92  0]
 [ 0  0  0  0  0  0  0 87]]
Test Step [105/200]: 100%|██████████| 4/4 [00:24<00:00,  6.24s/it, loss = 1.253]
=== Test Confusion Matrix ===
[[19  0  0  0  0  0  0  0]
 [ 0 30  0  0  0  0  0  0]
 [ 0  0 30  0  0  0  0  0]
 [ 0  0  0 30  0  0  0  0]
 [ 0  0  0  0 30  0  0  0]
 [11  0  0  0  0 30  0  0]
 [ 0  0  0  0  0  0 30  0]
 [ 0  0  0  0  0  0  0 30]]
Training Step [106/200]: 100%|██████████| 11/11 [03:18<00:00, 18.01s/it, loss = 0.0002959]
=== Train Confusion Matrix ===
[[91  0  0  0  0  0  0  0]
 [ 0 79  0  0  0  0  0  0]
 [ 0  0 93  0  0  0  0  0]
 [ 0  0  0 86  0  0  0  0]
 [ 0  0  0  0 94  0  0  0]
 [ 0  0  0  0  0 83  0  0]
 [ 0  0  0  0  0  0 88  0]
 [ 0  0  0  0  0  0  0 90]]
Training Step [107/200]: 100%|██████████| 11/11 [03:16<00:00, 17.90s/it, loss = 0.0002739]
=== Train Confusion Matrix ===
[[89  0  0  0  0  0  0  0]
 [ 0 83  0  0  0  0  0  0]
 [ 0  0 95  0  0  0  0  0]
 [ 0  0  0 84  0  0  0  0]
 [ 0  0  0  0 90  0  0  0]
 [ 0  0  0  0  0 84  0  0]
 [ 0  0  0  0  0  0 90  0]
 [ 0  0  0  0  0  0  0 89]]
Training Step [108/200]: 100%|██████████| 11/11 [03:14<00:00, 17.73s/it, loss = 0.0008281]
=== Train Confusion Matrix ===
[[91  0  0  0  0  0  0  0]
 [ 0 82  0  0  0  0  0  0]
 [ 0  0 91  0  0  0  0  0]
 [ 0  0  0 78  0  0  0  0]
 [ 0  0  0  0 97  0  0  0]
 [ 0  0  0  0  0 83  0  0]
 [ 0  0  0  0  0  0 93  0]
 [ 0  0  0  0  0  0  0 89]]
Training Step [109/200]: 100%|██████████| 11/11 [03:15<00:00, 17.78s/it, loss = 0.0002584]
=== Train Confusion Matrix ===
[[90  0  0  0  0  0  0  0]
 [ 0 85  0  0  0  0  0  0]
 [ 0  0 88  0  0  0  0  0]
 [ 0  0  0 84  0  0  0  0]
 [ 0  0  0  0 91  0  0  0]
 [ 0  0  0  0  0 84  0  0]
 [ 0  0  0  0  0  0 90  0]
 [ 0  0  0  0  0  0  0 92]]
Training Step [110/200]: 100%|██████████| 11/11 [03:14<00:00, 17.66s/it, loss = 0.0002573]
=== Train Confusion Matrix ===
[[91  0  0  0  0  0  0  0]
 [ 0 82  0  0  0  0  0  0]
 [ 0  0 93  0  0  0  0  0]
 [ 0  0  0 85  0  0  0  0]
 [ 0  0  0  0 97  0  0  0]
 [ 0  0  0  0  0 83  0  0]
 [ 0  0  0  0  0  0 87  0]
 [ 0  0  0  0  0  0  0 86]]
Test Step [110/200]: 100%|██████████| 4/4 [00:25<00:00,  6.27s/it, loss = 1.197]
=== Test Confusion Matrix ===
[[19  0  0  0  0  0  0  0]
 [ 0 30  0  0  0  0  0  0]
 [ 0  0 30  0  0  0  0  0]
 [ 0  0  0 30  0  0  0  0]
 [ 0  0  0  0 30  0  0  0]
 [11  0  0  0  0 30  0  0]
 [ 0  0  0  0  0  0 30  0]
 [ 0  0  0  0  0  0  0 30]]
Training Step [111/200]: 100%|██████████| 11/11 [03:19<00:00, 18.13s/it, loss = 0.0003972]
=== Train Confusion Matrix ===
[[91  0  0  0  0  0  0  0]
 [ 0 83  0  0  0  0  0  0]
 [ 0  0 89  0  0  0  0  0]
 [ 0  0  0 86  0  0  0  0]
 [ 0  0  0  0 95  0  0  0]
 [ 0  0  0  0  0 79  0  0]
 [ 0  0  0  0  0  0 94  0]
 [ 0  0  0  0  0  0  0 87]]
Training Step [112/200]: 100%|██████████| 11/11 [03:15<00:00, 17.81s/it, loss = 0.0005635]
=== Train Confusion Matrix ===
[[90  0  0  0  0  0  0  0]
 [ 0 81  0  0  0  0  0  0]
 [ 0  0 93  0  0  0  0  0]
 [ 0  0  0 87  0  0  0  0]
 [ 0  0  0  0 92  0  0  0]
 [ 0  0  0  0  0 81  0  0]
 [ 0  0  0  0  0  0 91  0]
 [ 0  0  0  0  0  0  0 89]]
Training Step [113/200]: 100%|██████████| 11/11 [03:16<00:00, 17.84s/it, loss = 0.0003712]
=== Train Confusion Matrix ===
[[91  0  0  0  0  0  0  0]
 [ 0 83  0  0  0  0  0  0]
 [ 0  0 90  0  0  0  0  0]
 [ 0  0  0 85  0  0  0  0]
 [ 0  0  0  0 91  0  0  0]
 [ 0  0  0  0  0 81  0  0]
 [ 0  0  0  0  0  0 94  0]
 [ 0  0  0  0  0  0  0 89]]
Training Step [114/200]: 100%|██████████| 11/11 [03:22<00:00, 18.38s/it, loss = 0.0004108]
=== Train Confusion Matrix ===
[[90  0  0  0  0  0  0  0]
 [ 0 84  0  0  0  0  0  0]
 [ 0  0 91  0  0  0  0  0]
 [ 0  0  0 82  0  0  0  0]
 [ 0  0  0  0 90  0  0  0]
 [ 0  0  0  0  0 83  0  0]
 [ 0  0  0  0  0  0 92  0]
 [ 0  0  0  0  0  0  0 92]]
Training Step [115/200]: 100%|██████████| 11/11 [03:15<00:00, 17.81s/it, loss = 0.0004402]
Test Step [115/200]:   0%|          | 0/4 [00:00<?, ?it/s]=== Train Confusion Matrix ===
[[91  0  0  0  0  0  0  0]
 [ 0 83  0  0  0  0  0  0]
 [ 0  0 92  0  0  0  0  0]
 [ 0  0  0 80  0  0  0  0]
 [ 0  0  0  0 91  0  0  0]
 [ 0  0  0  0  0 82  0  0]
 [ 0  0  0  0  0  0 95  0]
 [ 0  0  0  0  0  0  0 90]]
Test Step [115/200]: 100%|██████████| 4/4 [00:25<00:00,  6.32s/it, loss = 1.253]
=== Test Confusion Matrix ===
[[19  0  0  0  0  0  0  0]
 [ 0 30  0  0  0  0  0  0]
 [ 0  0 30  0  0  0  0  0]
 [ 0  0  0 30  0  0  0  0]
 [ 0  0  0  0 30  0  0  0]
 [11  0  0  0  0 30  0  0]
 [ 0  0  0  0  0  0 30  0]
 [ 0  0  0  0  0  0  0 30]]
Training Step [116/200]: 100%|██████████| 11/11 [03:19<00:00, 18.15s/it, loss = 0.0003939]
=== Train Confusion Matrix ===
[[91  0  0  0  0  0  0  0]
 [ 0 81  0  0  0  0  0  0]
 [ 0  0 91  0  0  0  0  0]
 [ 0  0  0 80  0  0  0  0]
 [ 0  0  0  0 98  0  0  0]
 [ 0  0  0  0  0 80  0  0]
 [ 0  0  0  0  0  0 93  0]
 [ 0  0  0  0  0  0  0 90]]
Training Step [117/200]: 100%|██████████| 11/11 [03:59<00:00, 21.80s/it, loss = 0.0002469]
=== Train Confusion Matrix ===
[[95  0  0  0  0  0  0  0]
 [ 0 82  0  0  0  0  0  0]
 [ 0  0 92  0  0  0  0  0]
 [ 0  0  0 81  0  0  0  0]
 [ 0  0  0  0 94  0  0  0]
 [ 0  0  0  0  0 83  0  0]
 [ 0  0  0  0  0  0 90  0]
 [ 0  0  0  0  0  0  0 87]]
Training Step [118/200]: 100%|██████████| 11/11 [03:25<00:00, 18.65s/it, loss = 0.0004952]
=== Train Confusion Matrix ===
[[90  0  0  0  0  0  0  0]
 [ 0 79  0  0  0  0  0  0]
 [ 0  0 92  0  0  0  0  0]
 [ 0  0  0 86  0  0  0  0]
 [ 0  0  0  0 95  0  0  0]
 [ 0  0  0  0  0 83  0  0]
 [ 0  0  0  0  0  0 90  0]
 [ 0  0  0  0  0  0  0 89]]
Training Step [119/200]: 100%|██████████| 11/11 [03:25<00:00, 18.66s/it, loss = 0.0004231]
=== Train Confusion Matrix ===
[[90  0  0  0  0  0  0  0]
 [ 0 83  0  0  0  0  0  0]
 [ 0  0 91  0  0  0  0  0]
 [ 0  0  0 82  0  0  0  0]
 [ 0  0  0  0 97  0  0  0]
 [ 0  0  0  0  0 85  0  0]
 [ 0  0  0  0  0  0 94  0]
 [ 0  0  0  0  0  0  0 82]]
Training Step [120/200]: 100%|██████████| 11/11 [03:17<00:00, 17.91s/it, loss = 0.0008581]
=== Train Confusion Matrix ===
[[90  0  0  0  0  0  0  0]
 [ 0 81  0  0  0  0  0  0]
 [ 0  0 89  0  0  0  0  0]
 [ 0  0  0 85  0  0  0  0]
 [ 0  0  0  0 90  0  0  0]
 [ 0  0  0  0  0 81  0  0]
 [ 0  0  0  0  0  0 95  0]
 [ 0  0  0  0  0  0  0 93]]
Test Step [120/200]: 100%|██████████| 4/4 [00:25<00:00,  6.47s/it, loss = 1.312]
=== Test Confusion Matrix ===
[[19  0  0  0  0  0  0  0]
 [ 0 30  0  0  0  0  0  0]
 [ 0  0 30  0  0  0  0  0]
 [ 0  0  0 30  0  0  0  0]
 [ 0  0  0  0 30  0  0  0]
 [11  0  0  0  0 30  0  0]
 [ 0  0  0  0  0  0 30  0]
 [ 0  0  0  0  0  0  0 30]]
Training Step [121/200]: 100%|██████████| 11/11 [03:17<00:00, 17.97s/it, loss = 0.000277]
=== Train Confusion Matrix ===
[[88  0  0  0  0  0  0  0]
 [ 0 82  0  0  0  0  0  0]
 [ 0  0 94  0  0  0  0  0]
 [ 0  0  0 84  0  0  0  0]
 [ 0  0  0  0 92  0  0  0]
 [ 0  0  0  0  0 84  0  0]
 [ 0  0  0  0  0  0 91  0]
 [ 0  0  0  0  0  0  0 89]]
Training Step [122/200]: 100%|██████████| 11/11 [03:17<00:00, 17.91s/it, loss = 0.0008511]
=== Train Confusion Matrix ===
[[92  0  0  0  0  0  0  0]
 [ 0 84  0  0  0  0  0  0]
 [ 0  0 89  0  0  0  0  0]
 [ 0  0  0 86  0  0  0  0]
 [ 0  0  0  0 97  0  0  0]
 [ 0  0  0  0  0 78  0  0]
 [ 0  0  0  0  0  0 94  0]
 [ 0  0  0  0  0  0  0 84]]
Training Step [123/200]: 100%|██████████| 11/11 [03:34<00:00, 19.46s/it, loss = 0.0002776]
=== Train Confusion Matrix ===
[[91  0  0  0  0  0  0  0]
 [ 0 84  0  0  0  0  0  0]
 [ 0  0 91  0  0  0  0  0]
 [ 0  0  0 83  0  0  0  0]
 [ 0  0  0  0 92  0  0  0]
 [ 0  0  0  0  0 83  0  0]
 [ 0  0  0  0  0  0 87  0]
 [ 0  0  0  0  0  0  0 93]]
Training Step [124/200]: 100%|██████████| 11/11 [03:24<00:00, 18.55s/it, loss = 0.0002552]
=== Train Confusion Matrix ===
[[92  0  0  0  0  0  0  0]
 [ 0 87  0  0  0  0  0  0]
 [ 0  0 91  0  0  0  0  0]
 [ 0  0  0 82  0  0  0  0]
 [ 0  0  0  0 90  0  0  0]
 [ 0  0  0  0  0 80  0  0]
 [ 0  0  0  0  0  0 91  0]
 [ 0  0  0  0  0  0  0 91]]
Training Step [125/200]: 100%|██████████| 11/11 [03:17<00:00, 17.96s/it, loss = 0.0005617]
Test Step [125/200]:   0%|          | 0/4 [00:00<?, ?it/s]=== Train Confusion Matrix ===
[[92  0  0  0  0  0  0  0]
 [ 0 83  0  0  0  0  0  0]
 [ 0  0 90  0  0  0  0  0]
 [ 0  0  0 84  0  0  0  0]
 [ 0  0  0  0 94  0  0  0]
 [ 0  0  0  0  0 83  0  0]
 [ 0  0  0  0  0  0 90  0]
 [ 0  0  0  0  0  0  0 88]]
Test Step [125/200]: 100%|██████████| 4/4 [00:27<00:00,  6.85s/it, loss = 1.219]
=== Test Confusion Matrix ===
[[19  0  0  0  0  0  0  0]
 [ 0 30  0  0  0  0  0  0]
 [ 0  0 30  0  0  0  0  0]
 [ 0  0  0 30  0  0  0  0]
 [ 0  0  0  0 30  0  0  0]
 [11  0  0  0  0 30  0  0]
 [ 0  0  0  0  0  0 30  0]
 [ 0  0  0  0  0  0  0 30]]
Training Step [126/200]: 100%|██████████| 11/11 [03:21<00:00, 18.33s/it, loss = 0.0003859]
=== Train Confusion Matrix ===
[[92  0  0  0  0  0  0  0]
 [ 0 83  0  0  0  0  0  0]
 [ 0  0 92  0  0  0  0  0]
 [ 0  0  0 80  0  0  0  0]
 [ 0  0  0  0 97  0  0  0]
 [ 0  0  0  0  0 80  0  0]
 [ 0  0  0  0  0  0 91  0]
 [ 0  0  0  0  0  0  0 89]]
Training Step [127/200]: 100%|██████████| 11/11 [03:18<00:00, 18.07s/it, loss = 0.000759]
=== Train Confusion Matrix ===
[[91  0  0  0  0  0  0  0]
 [ 0 81  0  0  0  0  0  0]
 [ 0  0 95  0  0  0  0  0]
 [ 0  0  0 81  0  0  0  0]
 [ 0  0  0  0 93  0  0  0]
 [ 0  0  0  0  0 84  0  0]
 [ 0  0  0  0  0  0 86  0]
 [ 0  0  0  0  0  0  0 93]]
Training Step [128/200]: 100%|██████████| 11/11 [03:22<00:00, 18.37s/it, loss = 0.0003211]
=== Train Confusion Matrix ===
[[90  0  0  0  0  0  0  0]
 [ 0 81  0  0  0  0  0  0]
 [ 0  0 90  0  0  0  0  0]
 [ 0  0  0 82  0  0  0  0]
 [ 0  0  0  0 92  0  0  0]
 [ 0  0  0  0  0 87  0  0]
 [ 0  0  0  0  0  0 91  0]
 [ 0  0  0  0  0  0  0 91]]
Training Step [129/200]: 100%|██████████| 11/11 [03:19<00:00, 18.18s/it, loss = 0.0007158]
=== Train Confusion Matrix ===
[[93  0  0  0  0  0  0  0]
 [ 0 83  0  0  0  0  0  0]
 [ 0  0 86  0  0  0  0  0]
 [ 0  0  0 81  0  0  0  0]
 [ 0  0  0  0 95  0  0  0]
 [ 0  0  0  0  0 85  0  0]
 [ 0  0  0  0  0  0 92  0]
 [ 0  0  0  0  0  0  0 89]]
Training Step [130/200]: 100%|██████████| 11/11 [03:17<00:00, 17.95s/it, loss = 0.0002889]
Test Step [130/200]:   0%|          | 0/4 [00:00<?, ?it/s]=== Train Confusion Matrix ===
[[89  0  0  0  0  0  0  0]
 [ 0 85  0  0  0  0  0  0]
 [ 0  0 92  0  0  0  0  0]
 [ 0  0  0 81  0  0  0  0]
 [ 0  0  0  0 92  0  0  0]
 [ 0  0  0  0  0 83  0  0]
 [ 0  0  0  0  0  0 91  0]
 [ 0  0  0  0  0  0  0 91]]
Test Step [130/200]: 100%|██████████| 4/4 [00:25<00:00,  6.35s/it, loss = 1.2]
=== Test Confusion Matrix ===
[[19  0  0  0  0  0  0  0]
 [ 0 30  0  0  0  0  0  0]
 [ 0  0 30  0  0  0  0  0]
 [ 0  0  0 30  0  0  0  0]
 [ 0  0  0  0 30  0  0  0]
 [11  0  0  0  0 30  0  0]
 [ 0  0  0  0  0  0 30  0]
 [ 0  0  0  0  0  0  0 30]]
Training Step [131/200]: 100%|██████████| 11/11 [03:28<00:00, 19.00s/it, loss = 0.0003284]
=== Train Confusion Matrix ===
[[89  0  0  0  0  0  0  0]
 [ 0 85  0  0  0  0  0  0]
 [ 0  0 90  0  0  0  0  0]
 [ 0  0  0 87  0  0  0  0]
 [ 0  0  0  0 95  0  0  0]
 [ 0  0  0  0  0 84  0  0]
 [ 0  0  0  0  0  0 86  0]
 [ 0  0  0  0  0  0  0 88]]
Training Step [132/200]: 100%|██████████| 11/11 [03:23<00:00, 18.54s/it, loss = 0.0002346]
=== Train Confusion Matrix ===
[[93  0  0  0  0  0  0  0]
 [ 0 82  0  0  0  0  0  0]
 [ 0  0 89  0  0  0  0  0]
 [ 0  0  0 84  0  0  0  0]
 [ 0  0  0  0 92  0  0  0]
 [ 0  0  0  0  0 78  0  0]
 [ 0  0  0  0  0  0 95  0]
 [ 0  0  0  0  0  0  0 91]]
Training Step [133/200]: 100%|██████████| 11/11 [03:17<00:00, 17.99s/it, loss = 0.001292]
=== Train Confusion Matrix ===
[[89  0  0  0  0  0  0  0]
 [ 0 82  0  0  0  0  0  0]
 [ 0  0 91  0  0  0  0  0]
 [ 0  0  0 81  0  0  0  0]
 [ 0  0  0  0 93  0  0  0]
 [ 0  0  0  0  0 82  0  0]
 [ 0  0  0  0  0  0 94  0]
 [ 0  0  0  0  0  0  0 92]]
Training Step [134/200]: 100%|██████████| 11/11 [03:17<00:00, 17.95s/it, loss = 0.0003609]
=== Train Confusion Matrix ===
[[89  0  0  0  0  0  0  0]
 [ 0 84  0  0  0  0  0  0]
 [ 0  0 91  0  0  0  0  0]
 [ 0  0  0 81  0  0  0  0]
 [ 0  0  0  0 97  0  0  0]
 [ 0  0  0  0  0 81  0  0]
 [ 0  0  0  0  0  0 94  0]
 [ 0  0  0  0  0  0  0 87]]
Training Step [135/200]: 100%|██████████| 11/11 [03:21<00:00, 18.31s/it, loss = 0.0003379]
Test Step [135/200]:   0%|          | 0/4 [00:00<?, ?it/s]=== Train Confusion Matrix ===
[[91  0  0  0  0  0  0  0]
 [ 0 88  0  0  0  0  0  0]
 [ 0  0 89  0  0  0  0  0]
 [ 0  0  0 78  0  0  0  0]
 [ 0  0  0  0 95  0  0  0]
 [ 0  0  0  0  0 80  0  0]
 [ 0  0  0  0  0  0 97  0]
 [ 0  0  0  0  0  0  0 86]]
Test Step [135/200]: 100%|██████████| 4/4 [00:27<00:00,  6.83s/it, loss = 1.392]
=== Test Confusion Matrix ===
[[19  0  0  0  0  0  0  0]
 [ 0 30  0  0  0  0  0  0]
 [ 0  0 30  0  0  0  0  0]
 [ 0  0  0 30  0  0  0  0]
 [ 0  0  0  0 30  0  0  0]
 [11  0  0  0  0 30  0  0]
 [ 0  0  0  0  0  0 30  0]
 [ 0  0  0  0  0  0  0 30]]
Training Step [136/200]: 100%|██████████| 11/11 [03:22<00:00, 18.36s/it, loss = 0.000409]
=== Train Confusion Matrix ===
[[90  0  0  0  0  0  0  0]
 [ 0 86  0  0  0  0  0  0]
 [ 0  0 89  0  0  0  0  0]
 [ 0  0  0 81  0  0  0  0]
 [ 0  0  0  0 95  0  0  0]
 [ 0  0  0  0  0 85  0  0]
 [ 0  0  0  0  0  0 93  0]
 [ 0  0  0  0  0  0  0 85]]
Training Step [137/200]: 100%|██████████| 11/11 [03:17<00:00, 17.96s/it, loss = 0.000254]
=== Train Confusion Matrix ===
[[92  0  0  0  0  0  0  0]
 [ 0 86  0  0  0  0  0  0]
 [ 0  0 93  0  0  0  0  0]
 [ 0  0  0 80  0  0  0  0]
 [ 0  0  0  0 93  0  0  0]
 [ 0  0  0  0  0 82  0  0]
 [ 0  0  0  0  0  0 89  0]
 [ 0  0  0  0  0  0  0 89]]
Training Step [138/200]: 100%|██████████| 11/11 [03:16<00:00, 17.86s/it, loss = 0.001485]
=== Train Confusion Matrix ===
[[92  0  0  0  0  0  0  0]
 [ 0 83  0  0  0  0  0  0]
 [ 0  0 89  0  0  0  0  0]
 [ 0  0  0 81  0  0  0  0]
 [ 0  0  0  0 95  0  0  0]
 [ 0  0  0  0  0 84  0  0]
 [ 0  0  0  0  0  0 91  0]
 [ 0  0  0  0  0  0  0 89]]
Training Step [139/200]: 100%|██████████| 11/11 [03:17<00:00, 17.96s/it, loss = 0.0002441]
=== Train Confusion Matrix ===
[[92  0  0  0  0  0  0  0]
 [ 0 83  0  0  0  0  0  0]
 [ 0  0 90  0  0  0  0  0]
 [ 0  0  0 82  0  0  0  0]
 [ 0  0  0  0 98  0  0  0]
 [ 0  0  0  0  0 79  0  0]
 [ 0  0  0  0  0  0 91  0]
 [ 0  0  0  0  0  0  0 89]]
Training Step [140/200]: 100%|██████████| 11/11 [03:20<00:00, 18.25s/it, loss = 0.002274]
=== Train Confusion Matrix ===
[[93  0  0  0  0  0  0  0]
 [ 0 86  0  0  0  0  0  0]
 [ 0  0 91  0  0  0  0  0]
 [ 0  0  0 80  0  0  0  0]
 [ 0  0  0  0 87  0  0  0]
 [ 0  0  0  0  0 84  0  0]
 [ 0  0  0  0  0  0 93  0]
 [ 0  0  0  0  0  0  0 90]]
Test Step [140/200]: 100%|██████████| 4/4 [00:26<00:00,  6.70s/it, loss = 1.288]
=== Test Confusion Matrix ===
[[19  0  0  0  0  0  0  0]
 [ 0 30  0  0  0  0  0  0]
 [ 0  0 30  0  0  0  0  0]
 [ 0  0  0 30  0  0  0  0]
 [ 0  0  0  0 30  0  0  0]
 [11  0  0  0  0 30  0  0]
 [ 0  0  0  0  0  0 30  0]
 [ 0  0  0  0  0  0  0 30]]
Training Step [141/200]: 100%|██████████| 11/11 [03:24<00:00, 18.58s/it, loss = 0.0003129]
=== Train Confusion Matrix ===
[[88  0  0  0  0  0  0  0]
 [ 0 82  0  0  0  0  0  0]
 [ 0  0 89  0  0  0  0  0]
 [ 0  0  0 84  0  0  0  0]
 [ 0  0  0  0 96  0  0  0]
 [ 0  0  0  0  0 87  0  0]
 [ 0  0  0  0  0  0 88  0]
 [ 0  0  0  0  0  0  0 90]]
Training Step [142/200]: 100%|██████████| 11/11 [03:15<00:00, 17.79s/it, loss = 0.0002791]
=== Train Confusion Matrix ===
[[93  0  0  0  0  0  0  0]
 [ 0 82  0  0  0  0  0  0]
 [ 0  0 90  0  0  0  0  0]
 [ 0  0  0 82  0  0  0  0]
 [ 0  0  0  0 91  0  0  0]
 [ 0  0  0  0  0 83  0  0]
 [ 0  0  0  0  0  0 92  0]
 [ 0  0  0  0  0  0  0 91]]
Training Step [143/200]: 100%|██████████| 11/11 [03:15<00:00, 17.77s/it, loss = 0.0008997]
=== Train Confusion Matrix ===
[[90  0  0  0  0  0  0  0]
 [ 0 82  0  0  0  0  0  0]
 [ 0  0 94  0  0  0  0  0]
 [ 0  0  0 82  0  0  0  0]
 [ 0  0  0  0 94  0  0  0]
 [ 0  0  0  0  0 83  0  0]
 [ 0  0  0  0  0  0 92  0]
 [ 0  0  0  0  0  0  0 87]]
Training Step [144/200]: 100%|██████████| 11/11 [03:18<00:00, 18.06s/it, loss = 0.0005173]
=== Train Confusion Matrix ===
[[88  0  0  0  0  0  0  0]
 [ 0 85  0  0  0  0  0  0]
 [ 0  0 89  0  0  0  0  0]
 [ 0  0  0 83  0  0  0  0]
 [ 0  0  0  0 95  0  0  0]
 [ 0  0  0  0  0 83  0  0]
 [ 0  0  0  0  0  0 92  0]
 [ 0  0  0  0  0  0  0 89]]
Training Step [145/200]: 100%|██████████| 11/11 [03:19<00:00, 18.17s/it, loss = 0.000235]
=== Train Confusion Matrix ===
[[91  0  0  0  0  0  0  0]
 [ 0 85  0  0  0  0  0  0]
 [ 0  0 93  0  0  0  0  0]
 [ 0  0  0 83  0  0  0  0]
 [ 0  0  0  0 91  0  0  0]
 [ 0  0  0  0  0 82  0  0]
 [ 0  0  0  0  0  0 90  0]
 [ 0  0  0  0  0  0  0 89]]
Test Step [145/200]: 100%|██████████| 4/4 [00:25<00:00,  6.38s/it, loss = 1.249]
=== Test Confusion Matrix ===
[[19  0  0  0  0  0  0  0]
 [ 0 30  0  0  0  0  0  0]
 [ 0  0 30  0  0  0  0  0]
 [ 0  0  0 30  0  0  0  0]
 [ 0  0  0  0 30  0  0  0]
 [11  0  0  0  0 30  0  0]
 [ 0  0  0  0  0  0 30  0]
 [ 0  0  0  0  0  0  0 30]]
Training Step [146/200]: 100%|██████████| 11/11 [03:20<00:00, 18.22s/it, loss = 0.0003888]
=== Train Confusion Matrix ===
[[89  0  0  0  0  0  0  0]
 [ 0 84  0  0  0  0  0  0]
 [ 0  0 95  0  0  0  0  0]
 [ 0  0  0 79  0  0  0  0]
 [ 0  0  0  0 94  0  0  0]
 [ 0  0  0  0  0 82  0  0]
 [ 0  0  0  0  0  0 93  0]
 [ 0  0  0  0  0  0  0 88]]
Training Step [147/200]: 100%|██████████| 11/11 [03:15<00:00, 17.78s/it, loss = 0.000291]
=== Train Confusion Matrix ===
[[91  0  0  0  0  0  0  0]
 [ 0 83  0  0  0  0  0  0]
 [ 0  0 93  0  0  0  0  0]
 [ 0  0  0 84  0  0  0  0]
 [ 0  0  0  0 96  0  0  0]
 [ 0  0  0  0  0 84  0  0]
 [ 0  0  0  0  0  0 91  0]
 [ 0  0  0  0  0  0  0 82]]
Training Step [148/200]: 100%|██████████| 11/11 [03:18<00:00, 18.00s/it, loss = 0.001178]
=== Train Confusion Matrix ===
[[92  0  0  0  0  0  0  0]
 [ 0 85  0  0  0  0  0  0]
 [ 0  0 89  0  0  0  0  0]
 [ 0  0  0 83  0  0  0  0]
 [ 0  0  0  0 89  0  0  0]
 [ 0  0  0  0  0 85  0  0]
 [ 0  0  0  0  0  0 92  0]
 [ 0  0  0  0  0  0  0 89]]
Training Step [149/200]: 100%|██████████| 11/11 [03:29<00:00, 19.03s/it, loss = 0.000257]
=== Train Confusion Matrix ===
[[90  0  0  0  0  0  0  0]
 [ 0 84  0  0  0  0  0  0]
 [ 0  0 95  0  0  0  0  0]
 [ 0  0  0 81  0  0  0  0]
 [ 0  0  0  0 93  0  0  0]
 [ 0  0  0  0  0 85  0  0]
 [ 0  0  0  0  0  0 90  0]
 [ 0  0  0  0  0  0  0 86]]
Training Step [150/200]: 100%|██████████| 11/11 [03:23<00:00, 18.50s/it, loss = 0.0003748]
Test Step [150/200]:   0%|          | 0/4 [00:00<?, ?it/s]=== Train Confusion Matrix ===
[[87  0  0  0  0  0  0  0]
 [ 0 88  0  0  0  0  0  0]
 [ 0  0 91  0  0  0  0  0]
 [ 0  0  0 83  0  0  0  0]
 [ 0  0  0  0 91  0  0  0]
 [ 0  0  0  0  0 85  0  0]
 [ 0  0  0  0  0  0 86  0]
 [ 0  0  0  0  0  0  0 93]]
Test Step [150/200]: 100%|██████████| 4/4 [00:27<00:00,  6.82s/it, loss = 1.263]
=== Test Confusion Matrix ===
[[19  0  0  0  0  0  0  0]
 [ 0 30  0  0  0  0  0  0]
 [ 0  0 30  0  0  0  0  0]
 [ 0  0  0 30  0  0  0  0]
 [ 0  0  0  0 30  0  0  0]
 [11  0  0  0  0 30  0  0]
 [ 0  0  0  0  0  0 30  0]
 [ 0  0  0  0  0  0  0 30]]
Training Step [151/200]: 100%|██████████| 11/11 [03:21<00:00, 18.31s/it, loss = 0.004512]
=== Train Confusion Matrix ===
[[90  0  0  0  0  0  0  0]
 [ 0 80  0  0  0  0  0  0]
 [ 0  0 92  0  0  0  0  0]
 [ 0  0  0 81  0  0  0  0]
 [ 0  0  0  0 95  0  0  0]
 [ 0  0  0  0  0 82  0  0]
 [ 0  0  0  0  0  0 95  0]
 [ 0  0  0  0  0  0  0 89]]
Training Step [152/200]: 100%|██████████| 11/11 [03:20<00:00, 18.21s/it, loss = 0.0005328]
=== Train Confusion Matrix ===
[[89  0  0  0  0  0  0  0]
 [ 0 81  0  0  0  0  0  0]
 [ 0  0 91  0  0  0  0  0]
 [ 0  0  0 83  0  0  0  0]
 [ 0  0  0  0 90  0  0  0]
 [ 0  0  0  0  0 83  0  0]
 [ 0  0  0  0  0  0 96  0]
 [ 0  0  0  0  0  0  0 91]]
Training Step [153/200]: 100%|██████████| 11/11 [03:21<00:00, 18.35s/it, loss = 0.0003996]
=== Train Confusion Matrix ===
[[88  0  0  0  0  0  0  0]
 [ 0 83  0  0  0  0  0  0]
 [ 0  0 93  0  0  0  0  0]
 [ 0  0  0 86  0  0  0  0]
 [ 0  0  0  0 94  0  0  0]
 [ 0  0  0  0  0 81  0  0]
 [ 0  0  0  0  0  0 92  0]
 [ 0  0  0  0  0  0  0 87]]
Training Step [154/200]: 100%|██████████| 11/11 [03:18<00:00, 18.03s/it, loss = 0.0001997]
=== Train Confusion Matrix ===
[[89  0  0  0  0  0  0  0]
 [ 0 85  0  0  0  0  0  0]
 [ 0  0 92  0  0  0  0  0]
 [ 0  0  0 83  0  0  0  0]
 [ 0  0  0  0 92  0  0  0]
 [ 0  0  0  0  0 83  0  0]
 [ 0  0  0  0  0  0 93  0]
 [ 0  0  0  0  0  0  0 87]]
Training Step [155/200]: 100%|██████████| 11/11 [03:16<00:00, 17.86s/it, loss = 0.0002282]
=== Train Confusion Matrix ===
[[91  0  0  0  0  0  0  0]
 [ 0 84  0  0  0  0  0  0]
 [ 0  0 94  0  0  0  0  0]
 [ 0  0  0 78  0  0  0  0]
 [ 0  0  0  0 91  0  0  0]
 [ 0  0  0  0  0 83  0  0]
 [ 0  0  0  0  0  0 95  0]
 [ 0  0  0  0  0  0  0 88]]
Test Step [155/200]: 100%|██████████| 4/4 [00:25<00:00,  6.34s/it, loss = 1.231]
=== Test Confusion Matrix ===
[[19  0  0  0  0  0  0  0]
 [ 0 30  0  0  0  0  0  0]
 [ 0  0 30  0  0  0  0  0]
 [ 0  0  0 30  0  0  0  0]
 [ 0  0  0  0 30  0  0  0]
 [11  0  0  0  0 30  0  0]
 [ 0  0  0  0  0  0 30  0]
 [ 0  0  0  0  0  0  0 30]]
Training Step [156/200]: 100%|██████████| 11/11 [03:18<00:00, 18.01s/it, loss = 0.0003479]
=== Train Confusion Matrix ===
[[91  0  0  0  0  0  0  0]
 [ 0 84  0  0  0  0  0  0]
 [ 0  0 95  0  0  0  0  0]
 [ 0  0  0 82  0  0  0  0]
 [ 0  0  0  0 92  0  0  0]
 [ 0  0  0  0  0 80  0  0]
 [ 0  0  0  0  0  0 91  0]
 [ 0  0  0  0  0  0  0 89]]
Training Step [157/200]: 100%|██████████| 11/11 [03:21<00:00, 18.29s/it, loss = 0.0002562]
=== Train Confusion Matrix ===
[[92  0  0  0  0  0  0  0]
 [ 0 83  0  0  0  0  0  0]
 [ 0  0 90  0  0  0  0  0]
 [ 0  0  0 83  0  0  0  0]
 [ 0  0  0  0 93  0  0  0]
 [ 0  0  0  0  0 86  0  0]
 [ 0  0  0  0  0  0 90  0]
 [ 0  0  0  0  0  0  0 87]]
Training Step [158/200]: 100%|██████████| 11/11 [03:21<00:00, 18.31s/it, loss = 0.0001857]
=== Train Confusion Matrix ===
[[89  0  0  0  0  0  0  0]
 [ 0 84  0  0  0  0  0  0]
 [ 0  0 93  0  0  0  0  0]
 [ 0  0  0 83  0  0  0  0]
 [ 0  0  0  0 92  0  0  0]
 [ 0  0  0  0  0 83  0  0]
 [ 0  0  0  0  0  0 91  0]
 [ 0  0  0  0  0  0  0 89]]
Training Step [159/200]: 100%|██████████| 11/11 [03:18<00:00, 18.09s/it, loss = 0.0003101]
=== Train Confusion Matrix ===
[[92  0  0  0  0  0  0  0]
 [ 0 81  0  0  0  0  0  0]
 [ 0  0 92  0  0  0  0  0]
 [ 0  0  0 78  0  0  0  0]
 [ 0  0  0  0 96  0  0  0]
 [ 0  0  0  0  0 84  0  0]
 [ 0  0  0  0  0  0 92  0]
 [ 0  0  0  0  0  0  0 89]]
Training Step [160/200]: 100%|██████████| 11/11 [03:15<00:00, 17.79s/it, loss = 0.0003431]
Test Step [160/200]:   0%|          | 0/4 [00:00<?, ?it/s]=== Train Confusion Matrix ===
[[91  0  0  0  0  0  0  0]
 [ 0 84  0  0  0  0  0  0]
 [ 0  0 89  0  0  0  0  0]
 [ 0  0  0 84  0  0  0  0]
 [ 0  0  0  0 94  0  0  0]
 [ 0  0  0  0  0 80  0  0]
 [ 0  0  0  0  0  0 95  0]
 [ 0  0  0  0  0  0  0 87]]
Test Step [160/200]: 100%|██████████| 4/4 [00:25<00:00,  6.33s/it, loss = 1.265]
=== Test Confusion Matrix ===
[[19  0  0  0  0  0  0  0]
 [ 0 30  0  0  0  0  0  0]
 [ 0  0 30  0  0  0  0  0]
 [ 0  0  0 30  0  0  0  0]
 [ 0  0  0  0 30  0  0  0]
 [11  0  0  0  0 30  0  0]
 [ 0  0  0  0  0  0 30  0]
 [ 0  0  0  0  0  0  0 30]]
Training Step [161/200]: 100%|██████████| 11/11 [03:19<00:00, 18.16s/it, loss = 0.0002922]
=== Train Confusion Matrix ===
[[90  0  0  0  0  0  0  0]
 [ 0 83  0  0  0  0  0  0]
 [ 0  0 91  0  0  0  0  0]
 [ 0  0  0 86  0  0  0  0]
 [ 0  0  0  0 89  0  0  0]
 [ 0  0  0  0  0 83  0  0]
 [ 0  0  0  0  0  0 92  0]
 [ 0  0  0  0  0  0  0 90]]
Training Step [162/200]: 100%|██████████| 11/11 [03:18<00:00, 18.04s/it, loss = 0.0003267]
=== Train Confusion Matrix ===
[[90  0  0  0  0  0  0  0]
 [ 0 83  0  0  0  0  0  0]
 [ 0  0 92  0  0  0  0  0]
 [ 0  0  0 84  0  0  0  0]
 [ 0  0  0  0 94  0  0  0]
 [ 0  0  0  0  0 80  0  0]
 [ 0  0  0  0  0  0 94  0]
 [ 0  0  0  0  0  0  0 87]]
Training Step [163/200]: 100%|██████████| 11/11 [03:18<00:00, 18.07s/it, loss = 0.0001977]
=== Train Confusion Matrix ===
[[93  0  0  0  0  0  0  0]
 [ 0 82  0  0  0  0  0  0]
 [ 0  0 93  0  0  0  0  0]
 [ 0  0  0 83  0  0  0  0]
 [ 0  0  0  0 94  0  0  0]
 [ 0  0  0  0  0 81  0  0]
 [ 0  0  0  0  0  0 91  0]
 [ 0  0  0  0  0  0  0 87]]
Training Step [164/200]: 100%|██████████| 11/11 [03:14<00:00, 17.73s/it, loss = 0.000258]
=== Train Confusion Matrix ===
[[91  0  0  0  0  0  0  0]
 [ 0 88  0  0  0  0  0  0]
 [ 0  0 94  0  0  0  0  0]
 [ 0  0  0 82  0  0  0  0]
 [ 0  0  0  0 93  0  0  0]
 [ 0  0  0  0  0 76  0  0]
 [ 0  0  0  0  0  0 94  0]
 [ 0  0  0  0  0  0  0 86]]
Training Step [165/200]: 100%|██████████| 11/11 [03:16<00:00, 17.87s/it, loss = 0.000246]
=== Train Confusion Matrix ===
[[90  0  0  0  0  0  0  0]
 [ 0 88  0  0  0  0  0  0]
 [ 0  0 93  0  0  0  0  0]
 [ 0  0  0 82  0  0  0  0]
 [ 0  0  0  0 90  0  0  0]
 [ 0  0  0  0  0 84  0  0]
 [ 0  0  0  0  0  0 90  0]
 [ 0  0  0  0  0  0  0 87]]
Test Step [165/200]: 100%|██████████| 4/4 [00:24<00:00,  6.19s/it, loss = 1.334]
=== Test Confusion Matrix ===
[[19  0  0  0  0  0  0  0]
 [ 0 30  0  0  0  0  0  0]
 [ 0  0 30  0  0  0  0  0]
 [ 0  0  0 30  0  0  0  0]
 [ 0  0  0  0 30  0  0  0]
 [11  0  0  0  0 30  0  0]
 [ 0  0  0  0  0  0 30  0]
 [ 0  0  0  0  0  0  0 30]]
Training Step [166/200]: 100%|██████████| 11/11 [03:23<00:00, 18.53s/it, loss = 0.0003144]
=== Train Confusion Matrix ===
[[88  0  0  0  0  0  0  0]
 [ 0 84  0  0  0  0  0  0]
 [ 0  0 92  0  0  0  0  0]
 [ 0  0  0 80  0  0  0  0]
 [ 0  0  0  0 98  0  0  0]
 [ 0  0  0  0  0 83  0  0]
 [ 0  0  0  0  0  0 91  0]
 [ 0  0  0  0  0  0  0 88]]
Training Step [167/200]: 100%|██████████| 11/11 [03:26<00:00, 18.79s/it, loss = 0.000265]
=== Train Confusion Matrix ===
[[93  0  0  0  0  0  0  0]
 [ 0 87  0  0  0  0  0  0]
 [ 0  0 89  0  0  0  0  0]
 [ 0  0  0 80  0  0  0  0]
 [ 0  0  0  0 89  0  0  0]
 [ 0  0  0  0  0 85  0  0]
 [ 0  0  0  0  0  0 91  0]
 [ 0  0  0  0  0  0  0 90]]
Training Step [168/200]: 100%|██████████| 11/11 [03:22<00:00, 18.44s/it, loss = 0.0003097]
=== Train Confusion Matrix ===
[[89  0  0  0  0  0  0  0]
 [ 0 81  0  0  0  0  0  0]
 [ 0  0 93  0  0  0  0  0]
 [ 0  0  0 81  0  0  0  0]
 [ 0  0  0  0 97  0  0  0]
 [ 0  0  0  0  0 85  0  0]
 [ 0  0  0  0  0  0 93  0]
 [ 0  0  0  0  0  0  0 85]]
Training Step [169/200]: 100%|██████████| 11/11 [03:15<00:00, 17.80s/it, loss = 0.0005011]
=== Train Confusion Matrix ===
[[89  0  0  0  0  0  0  0]
 [ 0 80  0  0  0  0  0  0]
 [ 0  0 92  0  0  0  0  0]
 [ 0  0  0 83  0  0  0  0]
 [ 0  0  0  0 93  0  0  0]
 [ 0  0  0  0  0 82  0  0]
 [ 0  0  0  0  0  0 97  0]
 [ 0  0  0  0  0  0  0 88]]
Training Step [170/200]: 100%|██████████| 11/11 [03:22<00:00, 18.44s/it, loss = 0.0002194]
Test Step [170/200]:   0%|          | 0/4 [00:00<?, ?it/s]=== Train Confusion Matrix ===
[[89  0  0  0  0  0  0  0]
 [ 0 82  0  0  0  0  0  0]
 [ 0  0 93  0  0  0  0  0]
 [ 0  0  0 86  0  0  0  0]
 [ 0  0  0  0 93  0  0  0]
 [ 0  0  0  0  0 84  0  0]
 [ 0  0  0  0  0  0 87  0]
 [ 0  0  0  0  0  0  0 90]]
Test Step [170/200]: 100%|██████████| 4/4 [00:27<00:00,  6.85s/it, loss = 1.373]
=== Test Confusion Matrix ===
[[19  0  0  0  0  0  0  0]
 [ 0 30  0  0  0  0  0  0]
 [ 0  0 30  0  0  0  0  0]
 [ 0  0  0 30  0  0  0  0]
 [ 0  0  0  0 30  0  0  0]
 [11  0  0  0  0 30  0  0]
 [ 0  0  0  0  0  0 30  0]
 [ 0  0  0  0  0  0  0 30]]
Training Step [171/200]: 100%|██████████| 11/11 [03:21<00:00, 18.33s/it, loss = 0.0002616]
=== Train Confusion Matrix ===
[[90  0  0  0  0  0  0  0]
 [ 0 86  0  0  0  0  0  0]
 [ 0  0 88  0  0  0  0  0]
 [ 0  0  0 81  0  0  0  0]
 [ 0  0  0  0 94  0  0  0]
 [ 0  0  0  0  0 85  0  0]
 [ 0  0  0  0  0  0 93  0]
 [ 0  0  0  0  0  0  0 87]]
Training Step [172/200]: 100%|██████████| 11/11 [03:18<00:00, 18.08s/it, loss = 0.0003083]
=== Train Confusion Matrix ===
[[89  0  0  0  0  0  0  0]
 [ 0 84  0  0  0  0  0  0]
 [ 0  0 93  0  0  0  0  0]
 [ 0  0  0 84  0  0  0  0]
 [ 0  0  0  0 91  0  0  0]
 [ 0  0  0  0  0 84  0  0]
 [ 0  0  0  0  0  0 93  0]
 [ 0  0  0  0  0  0  0 86]]
Training Step [173/200]: 100%|██████████| 11/11 [03:19<00:00, 18.17s/it, loss = 0.0005152]
=== Train Confusion Matrix ===
[[84  0  0  0  0  0  0  0]
 [ 0 82  0  0  0  0  0  0]
 [ 0  0 95  0  0  0  0  0]
 [ 0  0  0 86  0  0  0  0]
 [ 0  0  0  0 94  0  0  0]
 [ 0  0  0  0  0 84  0  0]
 [ 0  0  0  0  0  0 93  0]
 [ 0  0  0  0  0  0  0 86]]
Training Step [174/200]: 100%|██████████| 11/11 [03:18<00:00, 18.08s/it, loss = 0.0003324]
=== Train Confusion Matrix ===
[[93  0  0  0  0  0  0  0]
 [ 0 85  0  0  0  0  0  0]
 [ 0  0 90  0  0  0  0  0]
 [ 0  0  0 84  0  0  0  0]
 [ 0  0  0  0 92  0  0  0]
 [ 0  0  0  0  0 81  0  0]
 [ 0  0  0  0  0  0 92  0]
 [ 0  0  0  0  0  0  0 87]]
Training Step [175/200]: 100%|██████████| 11/11 [03:20<00:00, 18.24s/it, loss = 0.0004446]
=== Train Confusion Matrix ===
Test Step [175/200]:   0%|          | 0/4 [00:00<?, ?it/s][[88  0  0  0  0  0  0  0]
 [ 0 83  0  0  0  0  0  0]
 [ 0  0 92  0  0  0  0  0]
 [ 0  0  0 84  0  0  0  0]
 [ 0  0  0  0 97  0  0  0]
 [ 0  0  0  0  0 77  0  0]
 [ 0  0  0  0  0  0 91  0]
 [ 0  0  0  0  0  0  0 92]]
Test Step [175/200]: 100%|██████████| 4/4 [00:26<00:00,  6.50s/it, loss = 1.468]
=== Test Confusion Matrix ===
[[19  0  0  0  0  0  0  0]
 [ 0 30  0  0  0  0  0  0]
 [ 0  0 30  0  0  0  0  0]
 [ 0  0  0 30  0  0  0  0]
 [ 0  0  0  0 30  0  0  0]
 [11  0  0  0  0 30  0  0]
 [ 0  0  0  0  0  0 30  0]
 [ 0  0  0  0  0  0  0 30]]
Training Step [176/200]: 100%|██████████| 11/11 [03:22<00:00, 18.42s/it, loss = 0.0002317]
=== Train Confusion Matrix ===
[[91  0  0  0  0  0  0  0]
 [ 0 83  0  0  0  0  0  0]
 [ 0  0 89  0  0  0  0  0]
 [ 0  0  0 82  0  0  0  0]
 [ 0  0  0  0 88  0  0  0]
 [ 0  0  0  0  0 85  0  0]
 [ 0  0  0  0  0  0 94  0]
 [ 0  0  0  0  0  0  0 92]]
Training Step [177/200]: 100%|██████████| 11/11 [03:17<00:00, 17.98s/it, loss = 0.0002101]
=== Train Confusion Matrix ===
[[92  0  0  0  0  0  0  0]
 [ 0 82  0  0  0  0  0  0]
 [ 0  0 90  0  0  0  0  0]
 [ 0  0  0 83  0  0  0  0]
 [ 0  0  0  0 91  0  0  0]
 [ 0  0  0  0  0 82  0  0]
 [ 0  0  0  0  0  0 93  0]
 [ 0  0  0  0  0  0  0 91]]
Training Step [178/200]: 100%|██████████| 11/11 [03:16<00:00, 17.82s/it, loss = 0.0002348]
=== Train Confusion Matrix ===
[[88  0  0  0  0  0  0  0]
 [ 0 86  0  0  0  0  0  0]
 [ 0  0 91  0  0  0  0  0]
 [ 0  0  0 82  0  0  0  0]
 [ 0  0  0  0 95  0  0  0]
 [ 0  0  0  0  0 83  0  0]
 [ 0  0  0  0  0  0 92  0]
 [ 0  0  0  0  0  0  0 87]]
Training Step [179/200]: 100%|██████████| 11/11 [03:21<00:00, 18.32s/it, loss = 0.0002238]
=== Train Confusion Matrix ===
[[86  0  0  0  0  0  0  0]
 [ 0 83  0  0  0  0  0  0]
 [ 0  0 91  0  0  0  0  0]
 [ 0  0  0 85  0  0  0  0]
 [ 0  0  0  0 96  0  0  0]
 [ 0  0  0  0  0 82  0  0]
 [ 0  0  0  0  0  0 93  0]
 [ 0  0  0  0  0  0  0 88]]
Training Step [180/200]: 100%|██████████| 11/11 [03:18<00:00, 18.09s/it, loss = 0.000301]
Test Step [180/200]:   0%|          | 0/4 [00:00<?, ?it/s]=== Train Confusion Matrix ===
[[91  0  0  0  0  0  0  0]
 [ 0 85  0  0  0  0  0  0]
 [ 0  0 88  0  0  0  0  0]
 [ 0  0  0 81  0  0  0  0]
 [ 0  0  0  0 96  0  0  0]
 [ 0  0  0  0  0 85  0  0]
 [ 0  0  0  0  0  0 89  0]
 [ 0  0  0  0  0  0  0 89]]
Test Step [180/200]: 100%|██████████| 4/4 [00:25<00:00,  6.30s/it, loss = 1.265]
=== Test Confusion Matrix ===
[[19  0  0  0  0  0  0  0]
 [ 0 30  0  0  0  0  0  0]
 [ 0  0 30  0  0  0  0  0]
 [ 0  0  0 30  0  0  0  0]
 [ 0  0  0  0 30  0  0  0]
 [11  0  0  0  0 30  0  0]
 [ 0  0  0  0  0  0 30  0]
 [ 0  0  0  0  0  0  0 30]]
Training Step [181/200]: 100%|██████████| 11/11 [03:18<00:00, 18.07s/it, loss = 0.000734]
=== Train Confusion Matrix ===
[[90  0  0  0  0  0  0  0]
 [ 0 86  0  0  0  0  0  0]
 [ 0  0 89  0  0  0  0  0]
 [ 0  0  0 81  0  0  0  0]
 [ 0  0  0  0 93  0  0  0]
 [ 0  0  0  0  0 83  0  0]
 [ 0  0  0  0  0  0 90  0]
 [ 0  0  0  0  0  0  0 92]]
Training Step [182/200]: 100%|██████████| 11/11 [03:20<00:00, 18.19s/it, loss = 0.000206]
=== Train Confusion Matrix ===
[[93  0  0  0  0  0  0  0]
 [ 0 87  0  0  0  0  0  0]
 [ 0  0 91  0  0  0  0  0]
 [ 0  0  0 81  0  0  0  0]
 [ 0  0  0  0 89  0  0  0]
 [ 0  0  0  0  0 80  0  0]
 [ 0  0  0  0  0  0 94  0]
 [ 0  0  0  0  0  0  0 89]]
Training Step [183/200]: 100%|██████████| 11/11 [03:17<00:00, 18.00s/it, loss = 0.000276]
=== Train Confusion Matrix ===
[[91  0  0  0  0  0  0  0]
 [ 0 81  0  0  0  0  0  0]
 [ 0  0 90  0  0  0  0  0]
 [ 0  0  0 84  0  0  0  0]
 [ 0  0  0  0 94  0  0  0]
 [ 0  0  0  0  0 81  0  0]
 [ 0  0  0  0  0  0 92  0]
 [ 0  0  0  0  0  0  0 91]]
Training Step [184/200]: 100%|██████████| 11/11 [03:26<00:00, 18.81s/it, loss = 0.0001982]
=== Train Confusion Matrix ===
[[92  0  0  0  0  0  0  0]
 [ 0 85  0  0  0  0  0  0]
 [ 0  0 92  0  0  0  0  0]
 [ 0  0  0 85  0  0  0  0]
 [ 0  0  0  0 90  0  0  0]
 [ 0  0  0  0  0 82  0  0]
 [ 0  0  0  0  0  0 95  0]
 [ 0  0  0  0  0  0  0 83]]
Training Step [185/200]: 100%|██████████| 11/11 [03:23<00:00, 18.47s/it, loss = 0.0003532]
=== Train Confusion Matrix ===
[[92  0  0  0  0  0  0  0]
 [ 0 85  0  0  0  0  0  0]
 [ 0  0 89  0  0  0  0  0]
 [ 0  0  0 82  0  0  0  0]
 [ 0  0  0  0 96  0  0  0]
 [ 0  0  0  0  0 82  0  0]
 [ 0  0  0  0  0  0 88  0]
 [ 0  0  0  0  0  0  0 90]]
Test Step [185/200]: 100%|██████████| 4/4 [00:26<00:00,  6.73s/it, loss = 1.373]
=== Test Confusion Matrix ===
[[19  0  0  0  0  0  0  0]
 [ 0 30  0  0  0  0  0  0]
 [ 0  0 30  0  0  0  0  0]
 [ 0  0  0 30  0  0  0  0]
 [ 0  0  0  0 30  0  0  0]
 [11  0  0  0  0 30  0  0]
 [ 0  0  0  0  0  0 30  0]
 [ 0  0  0  0  0  0  0 30]]
Training Step [186/200]: 100%|██████████| 11/11 [03:21<00:00, 18.31s/it, loss = 0.0002315]
=== Train Confusion Matrix ===
[[91  0  0  0  0  0  0  0]
 [ 0 82  0  0  0  0  0  0]
 [ 0  0 88  0  0  0  0  0]
 [ 0  0  0 84  0  0  0  0]
 [ 0  0  0  0 93  0  0  0]
 [ 0  0  0  0  0 82  0  0]
 [ 0  0  0  0  0  0 93  0]
 [ 0  0  0  0  0  0  0 91]]
Training Step [187/200]: 100%|██████████| 11/11 [03:19<00:00, 18.13s/it, loss = 0.0002956]
=== Train Confusion Matrix ===
[[92  0  0  0  0  0  0  0]
 [ 0 82  0  0  0  0  0  0]
 [ 0  0 94  0  0  0  0  0]
 [ 0  0  0 79  0  0  0  0]
 [ 0  0  0  0 92  0  0  0]
 [ 0  0  0  0  0 82  0  0]
 [ 0  0  0  0  0  0 91  0]
 [ 0  0  0  0  0  0  0 92]]
Training Step [188/200]: 100%|██████████| 11/11 [03:20<00:00, 18.22s/it, loss = 0.0001847]
=== Train Confusion Matrix ===
[[92  0  0  0  0  0  0  0]
 [ 0 86  0  0  0  0  0  0]
 [ 0  0 91  0  0  0  0  0]
 [ 0  0  0 85  0  0  0  0]
 [ 0  0  0  0 89  0  0  0]
 [ 0  0  0  0  0 80  0  0]
 [ 0  0  0  0  0  0 93  0]
 [ 0  0  0  0  0  0  0 88]]
Training Step [189/200]: 100%|██████████| 11/11 [03:18<00:00, 18.04s/it, loss = 0.0003374]
=== Train Confusion Matrix ===
[[89  0  0  0  0  0  0  0]
 [ 0 86  0  0  0  0  0  0]
 [ 0  0 92  0  0  0  0  0]
 [ 0  0  0 84  0  0  0  0]
 [ 0  0  0  0 92  0  0  0]
 [ 0  0  0  0  0 82  0  0]
 [ 0  0  0  0  0  0 90  0]
 [ 0  0  0  0  0  0  0 89]]
Training Step [190/200]: 100%|██████████| 11/11 [03:17<00:00, 17.94s/it, loss = 0.0005452]
Test Step [190/200]:   0%|          | 0/4 [00:00<?, ?it/s]=== Train Confusion Matrix ===
[[94  0  0  0  0  0  0  0]
 [ 0 87  0  0  0  0  0  0]
 [ 0  0 89  0  0  0  0  0]
 [ 0  0  0 80  0  0  0  0]
 [ 0  0  0  0 91  0  0  0]
 [ 0  0  0  0  0 81  0  0]
 [ 0  0  0  0  0  0 94  0]
 [ 0  0  0  0  0  0  0 88]]
Test Step [190/200]: 100%|██████████| 4/4 [00:25<00:00,  6.27s/it, loss = 1.321]
=== Test Confusion Matrix ===
[[19  0  0  0  0  0  0  0]
 [ 0 30  0  0  0  0  0  0]
 [ 0  0 30  0  0  0  0  0]
 [ 0  0  0 30  0  0  0  0]
 [ 0  0  0  0 30  0  0  0]
 [11  0  0  0  0 30  0  0]
 [ 0  0  0  0  0  0 30  0]
 [ 0  0  0  0  0  0  0 30]]
Training Step [191/200]: 100%|██████████| 11/11 [03:17<00:00, 17.98s/it, loss = 0.000318]
=== Train Confusion Matrix ===
[[92  0  0  0  0  0  0  0]
 [ 0 87  0  0  0  0  0  0]
 [ 0  0 91  0  0  0  0  0]
 [ 0  0  0 81  0  0  0  0]
 [ 0  0  0  0 95  0  0  0]
 [ 0  0  0  0  0 80  0  0]
 [ 0  0  0  0  0  0 89  0]
 [ 0  0  0  0  0  0  0 89]]
Training Step [192/200]: 100%|██████████| 11/11 [03:17<00:00, 17.99s/it, loss = 0.0002776]
=== Train Confusion Matrix ===
[[92  0  0  0  0  0  0  0]
 [ 0 82  0  0  0  0  0  0]
 [ 0  0 88  0  0  0  0  0]
 [ 0  0  0 83  0  0  0  0]
 [ 0  0  0  0 96  0  0  0]
 [ 0  0  0  0  0 82  0  0]
 [ 0  0  0  0  0  0 95  0]
 [ 0  0  0  0  0  0  0 86]]
Training Step [193/200]: 100%|██████████| 11/11 [03:17<00:00, 17.97s/it, loss = 0.0003629]
=== Train Confusion Matrix ===
[[90  0  0  0  0  0  0  0]
 [ 0 84  0  0  0  0  0  0]
 [ 0  0 91  0  0  0  0  0]
 [ 0  0  0 82  0  0  0  0]
 [ 0  0  0  0 91  0  0  0]
 [ 0  0  0  0  0 84  0  0]
 [ 0  0  0  0  0  0 91  0]
 [ 0  0  0  0  0  0  0 91]]
Training Step [194/200]: 100%|██████████| 11/11 [03:17<00:00, 18.00s/it, loss = 0.0004374]
=== Train Confusion Matrix ===
[[94  0  0  0  0  0  0  0]
 [ 0 84  0  0  0  0  0  0]
 [ 0  0 94  0  0  0  0  0]
 [ 0  0  0 79  0  0  0  0]
 [ 0  0  0  0 92  0  0  0]
 [ 0  0  0  0  0 82  0  0]
 [ 0  0  0  0  0  0 91  0]
 [ 0  0  0  0  0  0  0 88]]
Training Step [195/200]: 100%|██████████| 11/11 [03:16<00:00, 17.88s/it, loss = 0.0002564]
=== Train Confusion Matrix ===
[[87  0  0  0  0  0  0  0]
 [ 0 84  0  0  0  0  0  0]
 [ 0  0 90  0  0  0  0  0]
 [ 0  0  0 81  0  0  0  0]
 [ 0  0  0  0 94  0  0  0]
 [ 0  0  0  0  0 84  0  0]
 [ 0  0  0  0  0  0 95  0]
 [ 0  0  0  0  0  0  0 89]]
Test Step [195/200]: 100%|██████████| 4/4 [00:24<00:00,  6.23s/it, loss = 1.221]
=== Test Confusion Matrix ===
[[19  0  0  0  0  0  0  0]
 [ 0 30  0  0  0  0  0  0]
 [ 0  0 30  0  0  0  0  0]
 [ 0  0  0 30  0  0  0  0]
 [ 0  0  0  0 30  0  0  0]
 [11  0  0  0  0 30  0  0]
 [ 0  0  0  0  0  0 30  0]
 [ 0  0  0  0  0  0  0 30]]
Training Step [196/200]: 100%|██████████| 11/11 [03:21<00:00, 18.28s/it, loss = 0.0002426]
=== Train Confusion Matrix ===
[[90  0  0  0  0  0  0  0]
 [ 0 82  0  0  0  0  0  0]
 [ 0  0 87  0  0  0  0  0]
 [ 0  0  0 83  0  0  0  0]
 [ 0  0  0  0 97  0  0  0]
 [ 0  0  0  0  0 83  0  0]
 [ 0  0  0  0  0  0 94  0]
 [ 0  0  0  0  0  0  0 88]]
Training Step [197/200]: 100%|██████████| 11/11 [03:17<00:00, 18.00s/it, loss = 0.0002422]
=== Train Confusion Matrix ===
[[92  0  0  0  0  0  0  0]
 [ 0 79  0  0  0  0  0  0]
 [ 0  0 92  0  0  0  0  0]
 [ 0  0  0 83  0  0  0  0]
 [ 0  0  0  0 94  0  0  0]
 [ 0  0  0  0  0 86  0  0]
 [ 0  0  0  0  0  0 92  0]
 [ 0  0  0  0  0  0  0 86]]
Training Step [198/200]: 100%|██████████| 11/11 [03:18<00:00, 18.04s/it, loss = 0.0001942]
=== Train Confusion Matrix ===
[[90  0  0  0  0  0  0  0]
 [ 0 83  0  0  0  0  0  0]
 [ 0  0 91  0  0  0  0  0]
 [ 0  0  0 83  0  0  0  0]
 [ 0  0  0  0 93  0  0  0]
 [ 0  0  0  0  0 83  0  0]
 [ 0  0  0  0  0  0 93  0]
 [ 0  0  0  0  0  0  0 88]]
Training Step [199/200]: 100%|██████████| 11/11 [03:17<00:00, 17.96s/it, loss = 0.0002228]
=== Train Confusion Matrix ===
[[90  0  0  0  0  0  0  0]
 [ 0 83  0  0  0  0  0  0]
 [ 0  0 91  0  0  0  0  0]
 [ 0  0  0 77  0  0  0  0]
 [ 0  0  0  0 92  0  0  0]
 [ 0  0  0  0  0 84  0  0]
 [ 0  0  0  0  0  0 96  0]
 [ 0  0  0  0  0  0  0 91]]

Process finished with exit code 0
