
Training Step [0/200]: 100%|██████████| 58/58 [27:14<00:00, 28.18s/it, loss = 10.74]
=== Train Confusion Matrix ===
[[432   7   2   4   1   4   1   0]
 [  1 427   0   3   0   0   0   0]
 [  4   3 438  11   3   0   1   3]
 [  1   0   2 423   1   4   1   1]
 [  2   7  11  13 495   6   0   0]
 [ 17   1   3   0   3 420   5   1]
 [  8   2   4   1   0   8 463   3]
 [  1   1   2   4   4   2   4 443]]
Test Step [0/200]: 100%|██████████| 10/10 [01:10<00:00,  7.05s/it, loss = 18.79]
=== Test Confusion Matrix ===
[[ 9  3  5  4  9 11  0  0]
 [ 0  8  0  0  0  2  0  0]
 [ 0  0  0  0  0  0  0  0]
 [71 67 48 73 35 39 79 53]
 [ 0  2 27  3 36 28  0  0]
 [ 0  0  0  0  0  0  0  0]
 [ 0  0  0  0  0  0  0  0]
 [ 0  0  0  0  0  0  1 27]]
Training Step [1/200]: 100%|██████████| 58/58 [18:02<00:00, 18.66s/it, loss = 0.2472]
=== Train Confusion Matrix ===
[[464   0   0   0   0   4   0   0]
 [  0 452   0   0   0   0   0   0]
 [  0   0 462   0   0   0   0   0]
 [  0   0   0 454   0   0   0   0]
 [  0   0   0   0 502   0   0   0]
 [  3   0   0   0   0 446   0   0]
 [  0   0   0   0   0   0 477   0]
 [  0   0   0   0   0   0   0 448]]
Training Step [2/200]: 100%|██████████| 58/58 [17:37<00:00, 18.24s/it, loss = 0.03141]
=== Train Confusion Matrix ===
[[463   0   0   0   0   0   0   0]
 [  0 448   0   0   0   0   0   0]
 [  0   0 455   0   0   0   0   0]
 [  0   0   0 458   0   0   0   0]
 [  0   0   0   0 505   0   0   0]
 [  0   0   0   0   0 452   0   0]
 [  0   0   0   0   0   0 477   0]
 [  0   0   0   0   0   0   0 454]]
Training Step [3/200]: 100%|██████████| 58/58 [17:32<00:00, 18.15s/it, loss = 0.05831]
=== Train Confusion Matrix ===
[[466   0   0   0   0   0   0   0]
 [  0 449   0   0   0   0   0   0]
 [  0   0 453   0   0   0   0   0]
 [  0   0   0 459   0   0   0   0]
 [  0   0   0   0 507   0   0   0]
 [  1   0   0   0   0 452   0   0]
 [  0   0   0   0   0   0 477   0]
 [  0   0   0   0   0   0   0 448]]
Training Step [4/200]: 100%|██████████| 58/58 [17:55<00:00, 18.54s/it, loss = 0.0342]
=== Train Confusion Matrix ===
[[464   0   0   0   0   1   0   0]
 [  0 449   0   0   0   0   0   0]
 [  0   0 459   0   0   0   0   0]
 [  0   0   0 456   0   0   0   0]
 [  0   0   0   0 507   0   0   0]
 [  0   0   0   0   0 446   0   0]
 [  0   0   0   0   0   0 477   0]
 [  0   0   0   0   0   0   0 453]]
Training Step [5/200]: 100%|██████████| 58/58 [17:45<00:00, 18.37s/it, loss = 0.05171]
Test Step [5/200]:   0%|          | 0/10 [00:00<?, ?it/s]=== Train Confusion Matrix ===
[[465   0   0   0   0   0   0   0]
 [  0 449   0   0   0   0   0   0]
 [  0   0 461   0   0   0   0   0]
 [  0   0   0 459   0   0   0   0]
 [  0   0   0   0 505   0   0   0]
 [  1   0   0   0   0 445   0   0]
 [  0   0   0   0   0   0 477   0]
 [  0   0   0   0   0   0   0 450]]
Test Step [5/200]: 100%|██████████| 10/10 [01:08<00:00,  6.81s/it, loss = 11.74]
=== Test Confusion Matrix ===
[[25  0  0  1  2  4  0  0]
 [17 80 18  3  0 14  0  0]
 [ 0  0  0  0  0  0  0  0]
 [37  0 26 76  3 48  0  7]
 [ 0  0 36  0 75  8  0  0]
 [ 0  0  0  0  0  6  0  0]
 [ 1  0  0  0  0  0 80  1]
 [ 0  0  0  0  0  0  0 72]]
Training Step [6/200]: 100%|██████████| 58/58 [17:36<00:00, 18.21s/it, loss = 0.02197]
=== Train Confusion Matrix ===
[[461   0   0   0   0   0   0   0]
 [  0 454   0   0   0   0   0   0]
 [  0   0 462   0   0   0   0   0]
 [  0   0   0 460   0   0   0   0]
 [  0   0   0   0 507   0   0   0]
 [  0   0   0   0   0 449   0   0]
 [  0   0   0   0   0   0 473   0]
 [  0   0   0   0   0   0   0 446]]
Training Step [7/200]: 100%|██████████| 58/58 [17:37<00:00, 18.24s/it, loss = 0.009355]
=== Train Confusion Matrix ===
[[465   0   0   0   0   0   0   0]
 [  0 451   0   0   0   0   0   0]
 [  0   0 455   0   0   0   0   0]
 [  0   0   0 459   0   0   0   0]
 [  0   0   0   0 508   0   0   0]
 [  0   0   0   0   0 447   0   0]
 [  0   0   0   0   0   0 477   0]
 [  0   0   0   0   0   0   0 450]]
Training Step [8/200]: 100%|██████████| 58/58 [17:34<00:00, 18.19s/it, loss = 0.01657]
=== Train Confusion Matrix ===
[[464   0   0   0   0   0   0   0]
 [  0 455   0   0   0   0   0   0]
 [  0   0 462   0   0   0   0   0]
 [  0   0   0 456   0   0   0   0]
 [  0   0   0   0 513   0   0   0]
 [  0   0   0   0   0 445   0   0]
 [  0   0   0   0   0   0 473   0]
 [  0   0   0   0   0   0   0 444]]
Training Step [9/200]: 100%|██████████| 58/58 [17:35<00:00, 18.19s/it, loss = 0.006809]
=== Train Confusion Matrix ===
[[466   0   0   0   0   0   0   0]
 [  0 450   0   0   0   0   0   0]
 [  0   0 462   0   0   0   0   0]
 [  0   0   0 457   0   0   0   0]
 [  0   0   0   0 506   0   0   0]
 [  0   0   0   0   0 449   0   0]
 [  0   0   0   0   0   0 471   0]
 [  0   0   0   0   0   0   0 451]]
Training Step [10/200]: 100%|██████████| 58/58 [17:44<00:00, 18.35s/it, loss = 0.005479]
Test Step [10/200]:   0%|          | 0/10 [00:00<?, ?it/s]=== Train Confusion Matrix ===
[[462   0   0   0   0   0   0   0]
 [  0 448   0   0   0   0   0   0]
 [  0   0 458   0   0   0   0   0]
 [  0   0   0 459   0   0   0   0]
 [  0   0   0   0 506   0   0   0]
 [  0   0   0   0   0 451   0   0]
 [  0   0   0   0   0   0 477   0]
 [  0   0   0   0   0   0   0 451]]
Test Step [10/200]: 100%|██████████| 10/10 [01:09<00:00,  6.96s/it, loss = 0.2267]
=== Test Confusion Matrix ===
[[75  0  0  0  0  0  0  0]
 [ 0 80  0  0  0  0  0  0]
 [ 0  0 80  0  0  0  0  0]
 [ 0  0  0 80  0  0  0  0]
 [ 0  0  0  0 80  0  0  0]
 [ 5  0  0  0  0 80  0  0]
 [ 0  0  0  0  0  0 80  0]
 [ 0  0  0  0  0  0  0 80]]
Training Step [11/200]: 100%|██████████| 58/58 [17:59<00:00, 18.62s/it, loss = 0.004769]
=== Train Confusion Matrix ===
[[462   0   0   0   0   0   0   0]
 [  0 450   0   0   0   0   0   0]
 [  0   0 459   0   0   0   0   0]
 [  0   0   0 460   0   0   0   0]
 [  0   0   0   0 511   0   0   0]
 [  0   0   0   0   0 447   0   0]
 [  0   0   0   0   0   0 473   0]
 [  0   0   0   0   0   0   0 450]]
Training Step [12/200]: 100%|██████████| 58/58 [17:44<00:00, 18.35s/it, loss = 0.007242]
=== Train Confusion Matrix ===
[[461   0   0   0   0   0   0   0]
 [  0 453   0   0   0   0   0   0]
 [  0   0 459   0   0   0   0   0]
 [  0   0   0 460   0   0   0   0]
 [  0   0   0   0 511   0   0   0]
 [  0   0   0   0   0 444   0   0]
 [  0   0   0   0   0   0 471   0]
 [  0   0   0   0   0   0   0 453]]
Training Step [13/200]: 100%|██████████| 58/58 [17:37<00:00, 18.23s/it, loss = 0.003934]
=== Train Confusion Matrix ===
[[463   0   0   0   0   0   0   0]
 [  0 449   0   0   0   0   0   0]
 [  0   0 463   0   0   0   0   0]
 [  0   0   0 457   0   0   0   0]
 [  0   0   0   0 506   0   0   0]
 [  0   0   0   0   0 445   0   0]
 [  0   0   0   0   0   0 476   0]
 [  0   0   0   0   0   0   0 453]]
Training Step [14/200]: 100%|██████████| 58/58 [17:40<00:00, 18.28s/it, loss = 0.002832]
=== Train Confusion Matrix ===
[[466   0   0   0   0   0   0   0]
 [  0 451   0   0   0   0   0   0]
 [  0   0 460   0   0   0   0   0]
 [  0   0   0 455   0   0   0   0]
 [  0   0   0   0 506   0   0   0]
 [  0   0   0   0   0 450   0   0]
 [  0   0   0   0   0   0 473   0]
 [  0   0   0   0   0   0   0 451]]
Training Step [15/200]: 100%|██████████| 58/58 [17:35<00:00, 18.19s/it, loss = 0.008465]
=== Train Confusion Matrix ===
[[464   0   0   0   0   0   0   0]
 [  0 453   0   0   0   0   0   0]
 [  0   0 458   0   0   0   0   0]
 [  0   0   0 458   0   0   0   0]
 [  0   0   0   0 507   0   0   0]
 [  0   0   0   0   0 447   0   0]
 [  0   0   0   0   0   0 475   0]
 [  0   0   0   0   0   0   0 450]]
Test Step [15/200]: 100%|██████████| 10/10 [01:07<00:00,  6.73s/it, loss = 0.0835]
=== Test Confusion Matrix ===
[[79  0  0  0  0  0  0  0]
 [ 0 80  0  0  0  0  0  0]
 [ 0  0 80  0  0  0  0  0]
 [ 0  0  0 80  0  0  0  0]
 [ 0  0  0  0 80  0  0  0]
 [ 1  0  0  0  0 80  0  0]
 [ 0  0  0  0  0  0 80  0]
 [ 0  0  0  0  0  0  0 80]]
Training Step [16/200]: 100%|██████████| 58/58 [17:32<00:00, 18.15s/it, loss = 0.002989]
=== Train Confusion Matrix ===
[[464   0   0   0   0   0   0   0]
 [  0 451   0   0   0   0   0   0]
 [  0   0 462   0   0   0   0   0]
 [  0   0   0 461   0   0   0   0]
 [  0   0   0   0 506   0   0   0]
 [  0   0   0   0   0 443   0   0]
 [  0   0   0   0   0   0 476   0]
 [  0   0   0   0   0   0   0 449]]
Training Step [17/200]: 100%|██████████| 58/58 [17:51<00:00, 18.47s/it, loss = 0.00226]
=== Train Confusion Matrix ===
[[467   0   0   0   0   0   0   0]
 [  0 447   0   0   0   0   0   0]
 [  0   0 458   0   0   0   0   0]
 [  0   0   0 459   0   0   0   0]
 [  0   0   0   0 506   0   0   0]
 [  0   0   0   0   0 447   0   0]
 [  0   0   0   0   0   0 475   0]
 [  0   0   0   0   0   0   0 453]]
Training Step [18/200]: 100%|██████████| 58/58 [17:49<00:00, 18.45s/it, loss = 0.007789]
=== Train Confusion Matrix ===
[[459   0   0   0   0   0   0   0]
 [  0 453   0   0   0   0   0   0]
 [  0   0 459   0   0   0   0   0]
 [  0   0   0 461   0   0   0   0]
 [  0   0   0   0 504   0   0   0]
 [  0   0   0   0   0 444   0   0]
 [  0   0   0   0   0   0 478   0]
 [  0   0   0   0   0   0   0 454]]
Training Step [19/200]: 100%|██████████| 58/58 [17:41<00:00, 18.29s/it, loss = 0.005569]
=== Train Confusion Matrix ===
[[464   0   0   0   0   0   0   0]
 [  0 448   0   0   0   0   0   0]
 [  0   0 464   0   0   0   0   0]
 [  0   0   0 458   0   0   0   0]
 [  0   0   0   0 503   0   0   0]
 [  0   0   0   0   0 451   0   0]
 [  0   0   0   0   0   0 474   0]
 [  0   0   0   0   0   0   0 450]]
Training Step [20/200]: 100%|██████████| 58/58 [18:41<00:00, 19.34s/it, loss = 0.001682]
=== Train Confusion Matrix ===
[[465   0   0   0   0   0   0   0]
 [  0 449   0   0   0   0   0   0]
 [  0   0 463   0   0   0   0   0]
 [  0   0   0 459   0   0   0   0]
 [  0   0   0   0 506   0   0   0]
 [  0   0   0   0   0 448   0   0]
 [  0   0   0   0   0   0 476   0]
 [  0   0   0   0   0   0   0 446]]
Test Step [20/200]: 100%|██████████| 10/10 [01:09<00:00,  7.00s/it, loss = 0.1816]
=== Test Confusion Matrix ===
[[77  0  0  0  0  0  0  0]
 [ 0 80  0  0  0  0  0  0]
 [ 0  0 80  0  0  0  0  0]
 [ 0  0  0 80  0  0  0  0]
 [ 0  0  0  0 80  0  0  0]
 [ 3  0  0  0  0 80  0  0]
 [ 0  0  0  0  0  0 80  0]
 [ 0  0  0  0  0  0  0 80]]
Training Step [21/200]: 100%|██████████| 58/58 [17:43<00:00, 18.33s/it, loss = 0.002535]
=== Train Confusion Matrix ===
[[463   0   0   0   0   0   0   0]
 [  0 449   0   0   0   0   0   0]
 [  0   0 458   0   0   0   0   0]
 [  0   0   0 457   0   0   0   0]
 [  0   0   0   0 508   0   0   0]
 [  0   0   0   0   0 450   0   0]
 [  0   0   0   0   0   0 480   0]
 [  0   0   0   0   0   0   0 447]]
Training Step [22/200]: 100%|██████████| 58/58 [17:41<00:00, 18.30s/it, loss = 0.002088]
=== Train Confusion Matrix ===
[[461   0   0   0   0   0   0   0]
 [  0 453   0   0   0   0   0   0]
 [  0   0 460   0   0   0   0   0]
 [  0   0   0 459   0   0   0   0]
 [  0   0   0   0 508   0   0   0]
 [  0   0   0   0   0 447   0   0]
 [  0   0   0   0   0   0 473   0]
 [  0   0   0   0   0   0   0 451]]
Training Step [23/200]: 100%|██████████| 58/58 [18:05<00:00, 18.72s/it, loss = 0.001142]
=== Train Confusion Matrix ===
[[465   0   0   0   0   0   0   0]
 [  0 452   0   0   0   0   0   0]
 [  0   0 459   0   0   0   0   0]
 [  0   0   0 458   0   0   0   0]
 [  0   0   0   0 511   0   0   0]
 [  0   0   0   0   0 443   0   0]
 [  0   0   0   0   0   0 470   0]
 [  0   0   0   0   0   0   0 454]]
Training Step [24/200]: 100%|██████████| 58/58 [17:46<00:00, 18.39s/it, loss = 0.000969]
=== Train Confusion Matrix ===
[[462   0   0   0   0   0   0   0]
 [  0 449   0   0   0   0   0   0]
 [  0   0 459   0   0   0   0   0]
 [  0   0   0 458   0   0   0   0]
 [  0   0   0   0 504   0   0   0]
 [  0   0   0   0   0 450   0   0]
 [  0   0   0   0   0   0 478   0]
 [  0   0   0   0   0   0   0 452]]
Training Step [25/200]: 100%|██████████| 58/58 [17:35<00:00, 18.20s/it, loss = 0.001176]
Test Step [25/200]:   0%|          | 0/10 [00:00<?, ?it/s]=== Train Confusion Matrix ===
[[458   0   0   0   0   0   0   0]
 [  0 451   0   0   0   0   0   0]
 [  0   0 458   0   0   0   0   0]
 [  0   0   0 455   0   0   0   0]
 [  0   0   0   0 513   0   0   0]
 [  0   0   0   0   0 446   0   0]
 [  0   0   0   0   0   0 480   0]
 [  0   0   0   0   0   0   0 451]]
Test Step [25/200]: 100%|██████████| 10/10 [01:09<00:00,  6.94s/it, loss = 0.1649]
=== Test Confusion Matrix ===
[[77  0  0  0  0  0  0  0]
 [ 0 80  0  0  0  0  0  0]
 [ 0  0 80  0  0  0  0  0]
 [ 0  0  0 80  0  0  0  0]
 [ 0  0  0  0 80  0  0  0]
 [ 3  0  0  0  0 80  0  0]
 [ 0  0  0  0  0  0 80  0]
 [ 0  0  0  0  0  0  0 80]]
Training Step [26/200]: 100%|██████████| 58/58 [17:37<00:00, 18.23s/it, loss = 0.0007785]
=== Train Confusion Matrix ===
[[461   0   0   0   0   0   0   0]
 [  0 449   0   0   0   0   0   0]
 [  0   0 460   0   0   0   0   0]
 [  0   0   0 457   0   0   0   0]
 [  0   0   0   0 510   0   0   0]
 [  0   0   0   0   0 451   0   0]
 [  0   0   0   0   0   0 473   0]
 [  0   0   0   0   0   0   0 451]]
Training Step [27/200]: 100%|██████████| 58/58 [17:36<00:00, 18.22s/it, loss = 0.00112]
=== Train Confusion Matrix ===
[[461   0   0   0   0   0   0   0]
 [  0 451   0   0   0   0   0   0]
 [  0   0 462   0   0   0   0   0]
 [  0   0   0 459   0   0   0   0]
 [  0   0   0   0 512   0   0   0]
 [  0   0   0   0   0 443   0   0]
 [  0   0   0   0   0   0 474   0]
 [  0   0   0   0   0   0   0 450]]
Training Step [28/200]: 100%|██████████| 58/58 [17:35<00:00, 18.21s/it, loss = 0.001729]
=== Train Confusion Matrix ===
[[461   0   0   0   0   0   0   0]
 [  0 450   0   0   0   0   0   0]
 [  0   0 461   0   0   0   0   0]
 [  0   0   0 455   0   0   0   0]
 [  0   0   0   0 505   0   0   0]
 [  0   0   0   0   0 447   0   0]
 [  0   0   0   0   0   0 478   0]
 [  0   0   0   0   0   0   0 455]]
Training Step [29/200]: 100%|██████████| 58/58 [17:40<00:00, 18.29s/it, loss = 0.001888]
=== Train Confusion Matrix ===
[[465   0   0   0   0   0   0   0]
 [  0 449   0   0   0   0   0   0]
 [  0   0 459   0   0   0   0   0]
 [  0   0   0 462   0   0   0   0]
 [  0   0   0   0 500   0   0   0]
 [  0   0   0   0   0 446   0   0]
 [  0   0   0   0   0   0 477   0]
 [  0   0   0   0   0   0   0 454]]
Training Step [30/200]: 100%|██████████| 58/58 [17:52<00:00, 18.49s/it, loss = 0.0007107]
=== Train Confusion Matrix ===
[[462   0   0   0   0   0   0   0]
 [  0 446   0   0   0   0   0   0]
 [  0   0 458   0   0   0   0   0]
 [  0   0   0 459   0   0   0   0]
 [  0   0   0   0 508   0   0   0]
 [  0   0   0   0   0 447   0   0]
 [  0   0   0   0   0   0 479   0]
 [  0   0   0   0   0   0   0 453]]
Test Step [30/200]: 100%|██████████| 10/10 [01:07<00:00,  6.74s/it, loss = 0.1605]
=== Test Confusion Matrix ===
[[78  0  0  0  0  0  0  0]
 [ 0 80  0  0  0  0  0  0]
 [ 0  0 80  0  0  0  0  0]
 [ 0  0  0 80  0  0  0  0]
 [ 0  0  0  0 80  0  0  0]
 [ 2  0  0  0  0 80  0  0]
 [ 0  0  0  0  0  0 80  0]
 [ 0  0  0  0  0  0  0 80]]
Training Step [31/200]: 100%|██████████| 58/58 [17:50<00:00, 18.45s/it, loss = 0.002118]
=== Train Confusion Matrix ===
[[461   0   0   0   0   0   0   0]
 [  0 451   0   0   0   0   0   0]
 [  0   0 459   0   0   0   0   0]
 [  0   0   0 459   0   0   0   0]
 [  0   0   0   0 509   0   0   0]
 [  0   0   0   0   0 449   0   0]
 [  0   0   0   0   0   0 473   0]
 [  0   0   0   0   0   0   0 451]]
Training Step [32/200]: 100%|██████████| 58/58 [17:36<00:00, 18.22s/it, loss = 0.001826]
=== Train Confusion Matrix ===
[[464   0   0   0   0   0   0   0]
 [  0 452   0   0   0   0   0   0]
 [  0   0 464   0   0   0   0   0]
 [  0   0   0 457   0   0   0   0]
 [  0   0   0   0 501   0   0   0]
 [  0   0   0   0   0 448   0   0]
 [  0   0   0   0   0   0 477   0]
 [  0   0   0   0   0   0   0 449]]
Training Step [33/200]: 100%|██████████| 58/58 [17:32<00:00, 18.15s/it, loss = 0.001181]
=== Train Confusion Matrix ===
[[461   0   0   0   0   0   0   0]
 [  0 449   0   0   0   0   0   0]
 [  0   0 461   0   0   0   0   0]
 [  0   0   0 461   0   0   0   0]
 [  0   0   0   0 503   0   0   0]
 [  0   0   0   0   0 449   0   0]
 [  0   0   0   0   0   0 476   0]
 [  0   0   0   0   0   0   0 452]]
Training Step [34/200]: 100%|██████████| 58/58 [18:05<00:00, 18.71s/it, loss = 0.001138]
=== Train Confusion Matrix ===
[[465   0   0   0   0   0   0   0]
 [  0 450   0   0   0   0   0   0]
 [  0   0 459   0   0   0   0   0]
 [  0   0   0 457   0   0   0   0]
 [  0   0   0   0 508   0   0   0]
 [  0   0   0   0   0 444   0   0]
 [  0   0   0   0   0   0 475   0]
 [  0   0   0   0   0   0   0 454]]
Training Step [35/200]: 100%|██████████| 58/58 [17:50<00:00, 18.46s/it, loss = 0.0006589]
=== Train Confusion Matrix ===
[[460   0   0   0   0   0   0   0]
 [  0 450   0   0   0   0   0   0]
 [  0   0 464   0   0   0   0   0]
 [  0   0   0 458   0   0   0   0]
 [  0   0   0   0 511   0   0   0]
 [  0   0   0   0   0 446   0   0]
 [  0   0   0   0   0   0 476   0]
 [  0   0   0   0   0   0   0 447]]
Test Step [35/200]: 100%|██████████| 10/10 [01:07<00:00,  6.73s/it, loss = 0.1864]
=== Test Confusion Matrix ===
[[77  0  0  0  0  0  0  0]
 [ 0 80  0  0  0  0  0  0]
 [ 0  0 80  0  0  0  0  0]
 [ 0  0  0 80  0  0  0  0]
 [ 0  0  0  0 80  0  0  0]
 [ 3  0  0  0  0 80  0  0]
 [ 0  0  0  0  0  0 80  0]
 [ 0  0  0  0  0  0  0 80]]
Training Step [36/200]: 100%|██████████| 58/58 [17:36<00:00, 18.22s/it, loss = 0.001288]
=== Train Confusion Matrix ===
[[462   0   0   0   0   0   0   0]
 [  0 449   0   0   0   0   0   0]
 [  0   0 458   0   0   0   0   0]
 [  0   0   0 457   0   0   0   0]
 [  0   0   0   0 511   0   0   0]
 [  0   0   0   0   0 448   0   0]
 [  0   0   0   0   0   0 478   0]
 [  0   0   0   0   0   0   0 449]]
Training Step [37/200]: 100%|██████████| 58/58 [17:49<00:00, 18.45s/it, loss = 0.001173]
=== Train Confusion Matrix ===
[[461   0   0   0   0   0   0   0]
 [  0 453   0   0   0   0   0   0]
 [  0   0 459   0   0   0   0   0]
 [  0   0   0 458   0   0   0   0]
 [  0   0   0   0 508   0   0   0]
 [  0   0   0   0   0 448   0   0]
 [  0   0   0   0   0   0 474   0]
 [  0   0   0   0   0   0   0 451]]
Training Step [38/200]: 100%|██████████| 58/58 [17:47<00:00, 18.40s/it, loss = 0.0008947]
=== Train Confusion Matrix ===
[[463   0   0   0   0   0   0   0]
 [  0 451   0   0   0   0   0   0]
 [  0   0 457   0   0   0   0   0]
 [  0   0   0 455   0   0   0   0]
 [  0   0   0   0 509   0   0   0]
 [  0   0   0   0   0 452   0   0]
 [  0   0   0   0   0   0 474   0]
 [  0   0   0   0   0   0   0 451]]
Training Step [39/200]: 100%|██████████| 58/58 [17:42<00:00, 18.31s/it, loss = 0.001071]
=== Train Confusion Matrix ===
[[461   0   0   0   0   0   0   0]
 [  0 453   0   0   0   0   0   0]
 [  0   0 458   0   0   0   0   0]
 [  0   0   0 460   0   0   0   0]
 [  0   0   0   0 506   0   0   0]
 [  0   0   0   0   0 446   0   0]
 [  0   0   0   0   0   0 479   0]
 [  0   0   0   0   0   0   0 449]]
Training Step [40/200]: 100%|██████████| 58/58 [17:52<00:00, 18.49s/it, loss = 0.002281]
=== Train Confusion Matrix ===
[[465   0   0   0   0   0   0   0]
 [  0 452   0   0   0   0   0   0]
 [  0   0 456   0   0   0   0   0]
 [  0   0   0 458   0   0   0   0]
 [  0   0   0   0 510   0   0   0]
 [  0   0   0   0   0 445   0   0]
 [  0   0   0   0   0   0 476   0]
 [  0   0   0   0   0   0   0 450]]
Test Step [40/200]: 100%|██████████| 10/10 [01:07<00:00,  6.79s/it, loss = 0.1846]
=== Test Confusion Matrix ===
[[77  0  0  0  0  0  0  0]
 [ 0 80  0  0  0  0  0  0]
 [ 0  0 80  0  0  0  0  0]
 [ 0  0  0 80  0  0  0  0]
 [ 0  0  0  0 80  0  0  0]
 [ 3  0  0  0  0 80  0  0]
 [ 0  0  0  0  0  0 80  0]
 [ 0  0  0  0  0  0  0 80]]
Training Step [41/200]: 100%|██████████| 58/58 [17:38<00:00, 18.26s/it, loss = 0.001824]
=== Train Confusion Matrix ===
[[464   0   0   0   0   0   0   0]
 [  0 451   0   0   0   0   0   0]
 [  0   0 455   0   0   0   0   0]
 [  0   0   0 455   0   0   0   0]
 [  0   0   0   0 508   0   0   0]
 [  0   0   0   0   0 449   0   0]
 [  0   0   0   0   0   0 477   0]
 [  0   0   0   0   0   0   0 453]]
Training Step [42/200]: 100%|██████████| 58/58 [17:33<00:00, 18.17s/it, loss = 0.0008239]
=== Train Confusion Matrix ===
[[465   0   0   0   0   0   0   0]
 [  0 449   0   0   0   0   0   0]
 [  0   0 461   0   0   0   0   0]
 [  0   0   0 458   0   0   0   0]
 [  0   0   0   0 506   0   0   0]
 [  0   0   0   0   0 450   0   0]
 [  0   0   0   0   0   0 472   0]
 [  0   0   0   0   0   0   0 451]]
Training Step [43/200]: 100%|██████████| 58/58 [17:31<00:00, 18.12s/it, loss = 0.107]
=== Train Confusion Matrix ===
[[465   0   0   0   0   0   0   0]
 [  0 453   0   0   0   0   0   0]
 [  0   0 461   0   0   0   0   0]
 [  0   0   0 454   0   0   0   0]
 [  0   0   0   0 512   0   0   0]
 [  0   0   0   0   0 446   0   0]
 [  0   0   0   0   0   0 471   0]
 [  0   0   0   1   0   0   0 449]]
Training Step [44/200]: 100%|██████████| 58/58 [17:49<00:00, 18.44s/it, loss = 0.006076]
=== Train Confusion Matrix ===
[[458   0   0   0   0   0   0   0]
 [  0 450   0   0   0   0   0   0]
 [  0   0 459   0   0   0   0   0]
 [  0   0   0 463   0   0   0   0]
 [  0   0   0   0 512   0   0   0]
 [  0   0   0   0   0 448   0   0]
 [  0   0   0   0   0   0 473   0]
 [  0   0   0   0   0   0   0 449]]
Training Step [45/200]: 100%|██████████| 58/58 [17:44<00:00, 18.34s/it, loss = 0.008344]
=== Train Confusion Matrix ===
[[464   0   0   0   0   0   0   0]
 [  0 451   0   0   0   0   0   0]
 [  0   0 460   0   0   0   0   0]
 [  0   0   0 458   0   0   0   0]
 [  0   0   0   0 502   0   0   0]
 [  0   0   0   0   0 449   0   0]
 [  0   0   0   0   0   0 478   0]
 [  0   0   0   0   0   0   0 450]]
Test Step [45/200]: 100%|██████████| 10/10 [01:07<00:00,  6.75s/it, loss = 0.1342]
=== Test Confusion Matrix ===
[[79  0  0  0  0  0  0  0]
 [ 0 80  0  0  0  0  0  0]
 [ 0  0 80  0  0  0  0  0]
 [ 0  0  0 80  0  0  0  0]
 [ 0  0  0  0 80  0  0  0]
 [ 1  0  0  0  0 80  0  0]
 [ 0  0  0  0  0  0 80  0]
 [ 0  0  0  0  0  0  0 80]]
Training Step [46/200]: 100%|██████████| 58/58 [17:38<00:00, 18.24s/it, loss = 0.001922]
=== Train Confusion Matrix ===
[[465   0   0   0   0   0   0   0]
 [  0 451   0   0   0   0   0   0]
 [  0   0 463   0   0   0   0   0]
 [  0   0   0 456   0   0   0   0]
 [  0   0   0   0 508   0   0   0]
 [  0   0   0   0   0 446   0   0]
 [  0   0   0   0   0   0 474   0]
 [  0   0   0   0   0   0   0 449]]
Training Step [47/200]: 100%|██████████| 58/58 [17:36<00:00, 18.21s/it, loss = 0.001072]
=== Train Confusion Matrix ===
[[463   0   0   0   0   0   0   0]
 [  0 450   0   0   0   0   0   0]
 [  0   0 458   0   0   0   0   0]
 [  0   0   0 455   0   0   0   0]
 [  0   0   0   0 508   0   0   0]
 [  0   0   0   0   0 451   0   0]
 [  0   0   0   0   0   0 476   0]
 [  0   0   0   0   0   0   0 451]]
Training Step [48/200]: 100%|██████████| 58/58 [17:35<00:00, 18.19s/it, loss = 0.07631]
=== Train Confusion Matrix ===
[[462   0   0   0   0   0   0   0]
 [  0 454   0   0   0   0   0   0]
 [  0   0 454   0   0   0   0   0]
 [  0   0   0 455   0   0   0   1]
 [  0   0   0   0 511   0   0   0]
 [  0   0   0   0   0 448   0   0]
 [  0   0   0   0   0   0 477   0]
 [  0   0   0   1   0   0   0 449]]
Training Step [49/200]: 100%|██████████| 58/58 [17:31<00:00, 18.14s/it, loss = 0.0119]
=== Train Confusion Matrix ===
[[457   0   0   0   0   0   0   0]
 [  0 449   0   0   0   0   0   0]
 [  0   0 460   0   0   0   0   0]
 [  0   0   0 461   0   0   0   0]
 [  0   0   0   0 508   0   0   0]
 [  0   0   0   0   0 449   0   0]
 [  0   0   0   0   0   0 474   0]
 [  0   0   0   0   0   0   0 454]]
Training Step [50/200]: 100%|██████████| 58/58 [17:50<00:00, 18.45s/it, loss = 0.0015]
=== Train Confusion Matrix ===
[[465   0   0   0   0   0   0   0]
 [  0 450   0   0   0   0   0   0]
 [  0   0 458   0   0   0   0   0]
 [  0   0   0 458   0   0   0   0]
 [  0   0   0   0 509   0   0   0]
 [  0   0   0   0   0 447   0   0]
 [  0   0   0   0   0   0 476   0]
 [  0   0   0   0   0   0   0 449]]
Test Step [50/200]: 100%|██████████| 10/10 [01:07<00:00,  6.79s/it, loss = 0.1906]
=== Test Confusion Matrix ===
[[77  0  0  0  0  0  0  0]
 [ 0 80  0  0  0  0  0  0]
 [ 0  0 80  0  0  0  0  0]
 [ 0  0  0 80  0  0  0  0]
 [ 0  0  0  0 80  0  0  0]
 [ 3  0  0  0  0 80  0  0]
 [ 0  0  0  0  0  0 80  0]
 [ 0  0  0  0  0  0  0 80]]
Training Step [51/200]: 100%|██████████| 58/58 [17:55<00:00, 18.55s/it, loss = 0.002023]
=== Train Confusion Matrix ===
[[463   0   0   0   0   0   0   0]
 [  0 451   0   0   0   0   0   0]
 [  0   0 457   0   0   0   0   0]
 [  0   0   0 457   0   0   0   0]
 [  0   0   0   0 507   0   0   0]
 [  0   0   0   0   0 448   0   0]
 [  0   0   0   0   0   0 478   0]
 [  0   0   0   0   0   0   0 451]]
Training Step [52/200]: 100%|██████████| 58/58 [17:50<00:00, 18.45s/it, loss = 0.001037]
=== Train Confusion Matrix ===
[[462   0   0   0   0   0   0   0]
 [  0 453   0   0   0   0   0   0]
 [  0   0 461   0   0   0   0   0]
 [  0   0   0 457   0   0   0   0]
 [  0   0   0   0 506   0   0   0]
 [  0   0   0   0   0 445   0   0]
 [  0   0   0   0   0   0 477   0]
 [  0   0   0   0   0   0   0 451]]
Training Step [53/200]: 100%|██████████| 58/58 [17:31<00:00, 18.13s/it, loss = 0.0009704]
=== Train Confusion Matrix ===
[[465   0   0   0   0   0   0   0]
 [  0 450   0   0   0   0   0   0]
 [  0   0 463   0   0   0   0   0]
 [  0   0   0 459   0   0   0   0]
 [  0   0   0   0 503   0   0   0]
 [  0   0   0   0   0 448   0   0]
 [  0   0   0   0   0   0 473   0]
 [  0   0   0   0   0   0   0 451]]
Training Step [54/200]: 100%|██████████| 58/58 [17:53<00:00, 18.50s/it, loss = 0.002158]
=== Train Confusion Matrix ===
[[466   0   0   0   0   0   0   0]
 [  0 454   0   0   0   0   0   0]
 [  0   0 459   0   0   0   0   0]
 [  0   0   0 456   0   0   0   0]
 [  0   0   0   0 509   0   0   0]
 [  0   0   0   0   0 445   0   0]
 [  0   0   0   0   0   0 476   0]
 [  0   0   0   0   0   0   0 447]]
Training Step [55/200]: 100%|██████████| 58/58 [17:46<00:00, 18.38s/it, loss = 0.0006504]
=== Train Confusion Matrix ===
[[456   0   0   0   0   0   0   0]
 [  0 452   0   0   0   0   0   0]
 [  0   0 461   0   0   0   0   0]
 [  0   0   0 458   0   0   0   0]
 [  0   0   0   0 512   0   0   0]
 [  0   0   0   0   0 445   0   0]
 [  0   0   0   0   0   0 473   0]
 [  0   0   0   0   0   0   0 455]]
Test Step [55/200]: 100%|██████████| 10/10 [01:07<00:00,  6.77s/it, loss = 0.2038]
=== Test Confusion Matrix ===
[[78  0  0  0  0  0  0  0]
 [ 0 80  0  0  0  0  0  0]
 [ 0  0 80  0  0  0  0  0]
 [ 0  0  0 80  0  0  0  0]
 [ 0  0  0  0 80  0  0  0]
 [ 2  0  0  0  0 80  0  0]
 [ 0  0  0  0  0  0 80  0]
 [ 0  0  0  0  0  0  0 80]]
Training Step [56/200]: 100%|██████████| 58/58 [17:36<00:00, 18.22s/it, loss = 0.001191]
=== Train Confusion Matrix ===
[[463   0   0   0   0   0   0   0]
 [  0 456   0   0   0   0   0   0]
 [  0   0 455   0   0   0   0   0]
 [  0   0   0 454   0   0   0   0]
 [  0   0   0   0 510   0   0   0]
 [  0   0   0   0   0 446   0   0]
 [  0   0   0   0   0   0 480   0]
 [  0   0   0   0   0   0   0 448]]
Training Step [57/200]: 100%|██████████| 58/58 [17:35<00:00, 18.19s/it, loss = 0.001347]
=== Train Confusion Matrix ===
[[464   0   0   0   0   0   0   0]
 [  0 450   0   0   0   0   0   0]
 [  0   0 459   0   0   0   0   0]
 [  0   0   0 460   0   0   0   0]
 [  0   0   0   0 507   0   0   0]
 [  0   0   0   0   0 448   0   0]
 [  0   0   0   0   0   0 478   0]
 [  0   0   0   0   0   0   0 446]]
Training Step [58/200]: 100%|██████████| 58/58 [17:34<00:00, 18.19s/it, loss = 0.00929]
=== Train Confusion Matrix ===
[[465   0   0   0   0   0   0   0]
 [  0 453   0   0   0   0   0   0]
 [  0   0 464   0   0   0   0   0]
 [  0   0   0 455   0   0   0   0]
 [  0   0   0   0 506   0   0   0]
 [  0   0   0   0   0 447   0   0]
 [  0   0   0   0   0   0 471   0]
 [  0   0   0   0   0   0   0 451]]
Training Step [59/200]: 100%|██████████| 58/58 [17:31<00:00, 18.14s/it, loss = 0.004215]
=== Train Confusion Matrix ===
[[460   0   0   0   0   0   0   0]
 [  0 452   0   0   0   0   0   0]
 [  0   0 464   0   0   0   0   0]
 [  0   0   0 457   0   0   0   0]
 [  0   0   0   0 507   0   0   0]
 [  0   0   0   0   0 450   0   0]
 [  0   0   0   0   0   0 472   0]
 [  0   0   0   0   0   0   0 450]]
Training Step [60/200]: 100%|██████████| 58/58 [17:29<00:00, 18.10s/it, loss = 0.0008017]
=== Train Confusion Matrix ===
[[463   0   0   0   0   0   0   0]
Test Step [60/200]:   0%|          | 0/10 [00:00<?, ?it/s] [  0 449   0   0   0   0   0   0]
 [  0   0 462   0   0   0   0   0]
 [  0   0   0 456   0   0   0   0]
 [  0   0   0   0 509   0   0   0]
 [  0   0   0   0   0 447   0   0]
 [  0   0   0   0   0   0 476   0]
 [  0   0   0   0   0   0   0 450]]
Test Step [60/200]: 100%|██████████| 10/10 [01:08<00:00,  6.81s/it, loss = 0.2013]
=== Test Confusion Matrix ===
[[78  0  0  0  0  0  0  0]
 [ 0 80  0  0  0  0  0  0]
 [ 0  0 80  0  0  0  0  0]
 [ 0  0  0 80  0  0  0  0]
 [ 0  0  0  0 80  0  0  0]
 [ 2  0  0  0  0 80  0  0]
 [ 0  0  0  0  0  0 80  0]
 [ 0  0  0  0  0  0  0 80]]
Training Step [61/200]: 100%|██████████| 58/58 [18:07<00:00, 18.75s/it, loss = 0.0007567]
=== Train Confusion Matrix ===
[[459   0   0   0   0   0   0   0]
 [  0 449   0   0   0   0   0   0]
 [  0   0 459   0   0   0   0   0]
 [  0   0   0 457   0   0   0   0]
 [  0   0   0   0 510   0   0   0]
 [  0   0   0   0   0 447   0   0]
 [  0   0   0   0   0   0 478   0]
 [  0   0   0   0   0   0   0 453]]
Training Step [62/200]: 100%|██████████| 58/58 [17:50<00:00, 18.46s/it, loss = 0.0008854]
=== Train Confusion Matrix ===
[[464   0   0   0   0   0   0   0]
 [  0 451   0   0   0   0   0   0]
 [  0   0 459   0   0   0   0   0]
 [  0   0   0 457   0   0   0   0]
 [  0   0   0   0 504   0   0   0]
 [  0   0   0   0   0 446   0   0]
 [  0   0   0   0   0   0 480   0]
 [  0   0   0   0   0   0   0 451]]
Training Step [63/200]: 100%|██████████| 58/58 [17:35<00:00, 18.20s/it, loss = 0.001533]
=== Train Confusion Matrix ===
[[464   0   0   0   0   0   0   0]
 [  0 450   0   0   0   0   0   0]
 [  0   0 463   0   0   0   0   0]
 [  0   0   0 456   0   0   0   0]
 [  0   0   0   0 506   0   0   0]
 [  0   0   0   0   0 448   0   0]
 [  0   0   0   0   0   0 474   0]
 [  0   0   0   0   0   0   0 451]]
Training Step [64/200]: 100%|██████████| 58/58 [17:53<00:00, 18.52s/it, loss = 0.0007211]
=== Train Confusion Matrix ===
[[462   0   0   0   0   0   0   0]
 [  0 450   0   0   0   0   0   0]
 [  0   0 459   0   0   0   0   0]
 [  0   0   0 459   0   0   0   0]
 [  0   0   0   0 510   0   0   0]
 [  0   0   0   0   0 446   0   0]
 [  0   0   0   0   0   0 476   0]
 [  0   0   0   0   0   0   0 450]]
Training Step [65/200]: 100%|██████████| 58/58 [17:36<00:00, 18.22s/it, loss = 0.001243]
=== Train Confusion Matrix ===
[[464   0   0   0   0   0   0   0]
 [  0 450   0   0   0   0   0   0]
 [  0   0 456   0   0   0   0   0]
 [  0   0   0 458   0   0   0   0]
 [  0   0   0   0 513   0   0   0]
 [  0   0   0   0   0 449   0   0]
 [  0   0   0   0   0   0 473   0]
 [  0   0   0   0   0   0   0 449]]
Test Step [65/200]: 100%|██████████| 10/10 [01:07<00:00,  6.77s/it, loss = 0.189]
=== Test Confusion Matrix ===
[[78  0  0  0  0  0  0  0]
 [ 0 80  0  0  0  0  0  0]
 [ 0  0 80  0  0  0  0  0]
 [ 0  0  0 80  0  0  0  0]
 [ 0  0  0  0 80  0  0  0]
 [ 2  0  0  0  0 80  0  0]
 [ 0  0  0  0  0  0 80  0]
 [ 0  0  0  0  0  0  0 80]]
Training Step [66/200]: 100%|██████████| 58/58 [17:38<00:00, 18.26s/it, loss = 0.004871]
=== Train Confusion Matrix ===
[[461   0   0   0   0   0   0   0]
 [  0 450   0   0   0   0   0   0]
 [  0   0 461   0   0   0   0   0]
 [  0   0   0 456   0   0   0   0]
 [  0   0   0   0 512   0   0   0]
 [  0   0   0   0   0 450   0   0]
 [  0   0   0   0   0   0 475   0]
 [  0   0   0   0   0   0   0 447]]
Training Step [67/200]: 100%|██████████| 58/58 [17:39<00:00, 18.27s/it, loss = 0.0004989]
=== Train Confusion Matrix ===
[[464   0   0   0   0   0   0   0]
 [  0 454   0   0   0   0   0   0]
 [  0   0 456   0   0   0   0   0]
 [  0   0   0 460   0   0   0   0]
 [  0   0   0   0 508   0   0   0]
 [  0   0   0   0   0 443   0   0]
 [  0   0   0   0   0   0 473   0]
 [  0   0   0   0   0   0   0 454]]
Training Step [68/200]: 100%|██████████| 58/58 [17:43<00:00, 18.34s/it, loss = 0.000719]
=== Train Confusion Matrix ===
[[465   0   0   0   0   0   0   0]
 [  0 452   0   0   0   0   0   0]
 [  0   0 459   0   0   0   0   0]
 [  0   0   0 459   0   0   0   0]
 [  0   0   0   0 508   0   0   0]
 [  0   0   0   0   0 450   0   0]
 [  0   0   0   0   0   0 472   0]
 [  0   0   0   0   0   0   0 447]]
Training Step [69/200]: 100%|██████████| 58/58 [17:37<00:00, 18.23s/it, loss = 0.0006586]
=== Train Confusion Matrix ===
[[458   0   0   0   0   0   0   0]
 [  0 449   0   0   0   0   0   0]
 [  0   0 461   0   0   0   0   0]
 [  0   0   0 462   0   0   0   0]
 [  0   0   0   0 507   0   0   0]
 [  0   0   0   0   0 449   0   0]
 [  0   0   0   0   0   0 475   0]
 [  0   0   0   0   0   0   0 451]]
Training Step [70/200]: 100%|██████████| 58/58 [17:36<00:00, 18.21s/it, loss = 0.0009059]
=== Train Confusion Matrix ===
[[461   0   0   0   0   0   0   0]
 [  0 451   0   0   0   0   0   0]
 [  0   0 460   0   0   0   0   0]
 [  0   0   0 458   0   0   0   0]
 [  0   0   0   0 511   0   0   0]
 [  0   0   0   0   0 446   0   0]
 [  0   0   0   0   0   0 473   0]
 [  0   0   0   0   0   0   0 452]]
Test Step [70/200]: 100%|██████████| 10/10 [01:07<00:00,  6.77s/it, loss = 0.1751]
=== Test Confusion Matrix ===
[[78  0  0  0  0  0  0  0]
 [ 0 80  0  0  0  0  0  0]
 [ 0  0 80  0  0  0  0  0]
 [ 0  0  0 80  0  0  0  0]
 [ 0  0  0  0 80  0  0  0]
 [ 2  0  0  0  0 80  0  0]
 [ 0  0  0  0  0  0 80  0]
 [ 0  0  0  0  0  0  0 80]]
Training Step [71/200]: 100%|██████████| 58/58 [18:07<00:00, 18.75s/it, loss = 0.002651]
=== Train Confusion Matrix ===
[[463   0   0   0   0   0   0   0]
 [  0 449   0   0   0   0   0   0]
 [  0   0 459   0   0   0   0   0]
 [  0   0   0 459   0   0   0   0]
 [  0   0   0   0 507   0   0   0]
 [  0   0   0   0   0 448   0   0]
 [  0   0   0   0   0   0 476   0]
 [  0   0   0   0   0   0   0 451]]
Training Step [72/200]: 100%|██████████| 58/58 [18:09<00:00, 18.78s/it, loss = 0.0004417]
=== Train Confusion Matrix ===
[[462   0   0   0   0   0   0   0]
 [  0 453   0   0   0   0   0   0]
 [  0   0 462   0   0   0   0   0]
 [  0   0   0 455   0   0   0   0]
 [  0   0   0   0 510   0   0   0]
 [  0   0   0   0   0 447   0   0]
 [  0   0   0   0   0   0 476   0]
 [  0   0   0   0   0   0   0 447]]
Training Step [73/200]: 100%|██████████| 58/58 [17:41<00:00, 18.30s/it, loss = 0.0004772]
=== Train Confusion Matrix ===
[[464   0   0   0   0   0   0   0]
 [  0 447   0   0   0   0   0   0]
 [  0   0 455   0   0   0   0   0]
 [  0   0   0 456   0   0   0   0]
 [  0   0   0   0 511   0   0   0]
 [  0   0   0   0   0 448   0   0]
 [  0   0   0   0   0   0 479   0]
 [  0   0   0   0   0   0   0 452]]
Training Step [74/200]: 100%|██████████| 58/58 [17:38<00:00, 18.26s/it, loss = 0.0003713]
=== Train Confusion Matrix ===
[[461   0   0   0   0   0   0   0]
 [  0 451   0   0   0   0   0   0]
 [  0   0 460   0   0   0   0   0]
 [  0   0   0 459   0   0   0   0]
 [  0   0   0   0 510   0   0   0]
 [  0   0   0   0   0 450   0   0]
 [  0   0   0   0   0   0 472   0]
 [  0   0   0   0   0   0   0 449]]
Training Step [75/200]: 100%|██████████| 58/58 [17:37<00:00, 18.23s/it, loss = 0.0008868]
=== Train Confusion Matrix ===
[[458   0   0   0   0   0   0   0]
 [  0 453   0   0   0   0   0   0]
 [  0   0 461   0   0   0   0   0]
 [  0   0   0 458   0   0   0   0]
 [  0   0   0   0 508   0   0   0]
 [  0   0   0   0   0 449   0   0]
 [  0   0   0   0   0   0 476   0]
 [  0   0   0   0   0   0   0 449]]
Test Step [75/200]: 100%|██████████| 10/10 [01:09<00:00,  6.90s/it, loss = 0.171]
=== Test Confusion Matrix ===
[[78  0  0  0  0  0  0  0]
 [ 0 80  0  0  0  0  0  0]
 [ 0  0 80  0  0  0  0  0]
 [ 0  0  0 80  0  0  0  0]
 [ 0  0  0  0 80  0  0  0]
 [ 2  0  0  0  0 80  0  0]
 [ 0  0  0  0  0  0 80  0]
 [ 0  0  0  0  0  0  0 80]]
Training Step [76/200]: 100%|██████████| 58/58 [17:35<00:00, 18.20s/it, loss = 0.000709]
=== Train Confusion Matrix ===
[[463   0   0   0   0   0   0   0]
 [  0 447   0   0   0   0   0   0]
 [  0   0 461   0   0   0   0   0]
 [  0   0   0 457   0   0   0   0]
 [  0   0   0   0 509   0   0   0]
 [  0   0   0   0   0 447   0   0]
 [  0   0   0   0   0   0 474   0]
 [  0   0   0   0   0   0   0 454]]
Training Step [77/200]: 100%|██████████| 58/58 [18:12<00:00, 18.83s/it, loss = 0.0005032]
=== Train Confusion Matrix ===
[[461   0   0   0   0   0   0   0]
 [  0 451   0   0   0   0   0   0]
 [  0   0 457   0   0   0   0   0]
 [  0   0   0 455   0   0   0   0]
 [  0   0   0   0 509   0   0   0]
 [  0   0   0   0   0 447   0   0]
 [  0   0   0   0   0   0 478   0]
 [  0   0   0   0   0   0   0 454]]
Training Step [78/200]: 100%|██████████| 58/58 [17:59<00:00, 18.61s/it, loss = 0.0008541]
=== Train Confusion Matrix ===
[[462   0   0   0   0   0   0   0]
 [  0 445   0   0   0   0   0   0]
 [  0   0 458   0   0   0   0   0]
 [  0   0   0 458   0   0   0   0]
 [  0   0   0   0 510   0   0   0]
 [  0   0   0   0   0 452   0   0]
 [  0   0   0   0   0   0 475   0]
 [  0   0   0   0   0   0   0 452]]
Training Step [79/200]: 100%|██████████| 58/58 [17:51<00:00, 18.47s/it, loss = 0.0008563]
=== Train Confusion Matrix ===
[[461   0   0   0   0   0   0   0]
 [  0 450   0   0   0   0   0   0]
 [  0   0 456   0   0   0   0   0]
 [  0   0   0 461   0   0   0   0]
 [  0   0   0   0 510   0   0   0]
 [  0   0   0   0   0 449   0   0]
 [  0   0   0   0   0   0 474   0]
 [  0   0   0   0   0   0   0 451]]
Training Step [80/200]: 100%|██████████| 58/58 [17:36<00:00, 18.22s/it, loss = 0.002204]
Test Step [80/200]:   0%|          | 0/10 [00:00<?, ?it/s]=== Train Confusion Matrix ===
[[466   0   0   0   0   0   0   0]
 [  0 450   0   0   0   0   0   0]
 [  0   0 458   0   0   0   0   0]
 [  0   0   0 455   0   0   0   0]
 [  0   0   0   0 508   0   0   0]
 [  0   0   0   0   0 447   0   0]
 [  0   0   0   0   0   0 475   0]
 [  0   0   0   0   0   0   0 453]]
Test Step [80/200]: 100%|██████████| 10/10 [01:08<00:00,  6.85s/it, loss = 0.1706]
=== Test Confusion Matrix ===
[[78  0  0  0  0  0  0  0]
 [ 0 80  0  0  0  0  0  0]
 [ 0  0 80  0  0  0  0  0]
 [ 0  0  0 80  0  0  0  0]
 [ 0  0  0  0 80  0  0  0]
 [ 2  0  0  0  0 80  0  0]
 [ 0  0  0  0  0  0 80  0]
 [ 0  0  0  0  0  0  0 80]]
Training Step [81/200]: 100%|██████████| 58/58 [17:41<00:00, 18.31s/it, loss = 0.0005388]
=== Train Confusion Matrix ===
[[462   0   0   0   0   0   0   0]
 [  0 451   0   0   0   0   0   0]
 [  0   0 459   0   0   0   0   0]
 [  0   0   0 459   0   0   0   0]
 [  0   0   0   0 509   0   0   0]
 [  0   0   0   0   0 445   0   0]
 [  0   0   0   0   0   0 475   0]
 [  0   0   0   0   0   0   0 452]]
Training Step [82/200]: 100%|██████████| 58/58 [17:32<00:00, 18.14s/it, loss = 0.0003995]
=== Train Confusion Matrix ===
[[463   0   0   0   0   0   0   0]
 [  0 451   0   0   0   0   0   0]
 [  0   0 458   0   0   0   0   0]
 [  0   0   0 456   0   0   0   0]
 [  0   0   0   0 502   0   0   0]
 [  0   0   0   0   0 452   0   0]
 [  0   0   0   0   0   0 478   0]
 [  0   0   0   0   0   0   0 452]]
Training Step [83/200]: 100%|██████████| 58/58 [17:28<00:00, 18.09s/it, loss = 0.0003871]
=== Train Confusion Matrix ===
[[463   0   0   0   0   0   0   0]
 [  0 450   0   0   0   0   0   0]
 [  0   0 459   0   0   0   0   0]
 [  0   0   0 457   0   0   0   0]
 [  0   0   0   0 505   0   0   0]
 [  0   0   0   0   0 447   0   0]
 [  0   0   0   0   0   0 474   0]
 [  0   0   0   0   0   0   0 457]]
Training Step [84/200]: 100%|██████████| 58/58 [17:41<00:00, 18.30s/it, loss = 0.000352]
=== Train Confusion Matrix ===
[[462   0   0   0   0   0   0   0]
 [  0 451   0   0   0   0   0   0]
 [  0   0 460   0   0   0   0   0]
 [  0   0   0 457   0   0   0   0]
 [  0   0   0   0 508   0   0   0]
 [  0   0   0   0   0 448   0   0]
 [  0   0   0   0   0   0 476   0]
 [  0   0   0   0   0   0   0 450]]
Training Step [85/200]: 100%|██████████| 58/58 [17:42<00:00, 18.31s/it, loss = 0.0006537]
=== Train Confusion Matrix ===
[[465   0   0   0   0   0   0   0]
 [  0 451   0   0   0   0   0   0]
 [  0   0 456   0   0   0   0   0]
 [  0   0   0 458   0   0   0   0]
 [  0   0   0   0 506   0   0   0]
 [  0   0   0   0   0 448   0   0]
 [  0   0   0   0   0   0 472   0]
 [  0   0   0   0   0   0   0 456]]
Test Step [85/200]: 100%|██████████| 10/10 [01:06<00:00,  6.70s/it, loss = 0.1723]
=== Test Confusion Matrix ===
[[78  0  0  0  0  0  0  0]
 [ 0 80  0  0  0  0  0  0]
 [ 0  0 80  0  0  0  0  0]
 [ 0  0  0 80  0  0  0  0]
 [ 0  0  0  0 80  0  0  0]
 [ 2  0  0  0  0 80  0  0]
 [ 0  0  0  0  0  0 80  0]
 [ 0  0  0  0  0  0  0 80]]
Training Step [86/200]: 100%|██████████| 58/58 [17:34<00:00, 18.18s/it, loss = 0.0004858]
=== Train Confusion Matrix ===
[[466   0   0   0   0   0   0   0]
 [  0 453   0   0   0   0   0   0]
 [  0   0 461   0   0   0   0   0]
 [  0   0   0 455   0   0   0   0]
 [  0   0   0   0 508   0   0   0]
 [  0   0   0   0   0 448   0   0]
 [  0   0   0   0   0   0 469   0]
 [  0   0   0   0   0   0   0 452]]
Training Step [87/200]: 100%|██████████| 58/58 [17:30<00:00, 18.12s/it, loss = 0.0005393]
=== Train Confusion Matrix ===
[[464   0   0   0   0   0   0   0]
 [  0 447   0   0   0   0   0   0]
 [  0   0 463   0   0   0   0   0]
 [  0   0   0 454   0   0   0   0]
 [  0   0   0   0 508   0   0   0]
 [  0   0   0   0   0 446   0   0]
 [  0   0   0   0   0   0 478   0]
 [  0   0   0   0   0   0   0 452]]
Training Step [88/200]: 100%|██████████| 58/58 [17:29<00:00, 18.09s/it, loss = 0.0003178]
=== Train Confusion Matrix ===
[[462   0   0   0   0   0   0   0]
 [  0 446   0   0   0   0   0   0]
 [  0   0 459   0   0   0   0   0]
 [  0   0   0 456   0   0   0   0]
 [  0   0   0   0 509   0   0   0]
 [  0   0   0   0   0 450   0   0]
 [  0   0   0   0   0   0 480   0]
 [  0   0   0   0   0   0   0 450]]
Training Step [89/200]: 100%|██████████| 58/58 [17:29<00:00, 18.09s/it, loss = 0.0003704]
=== Train Confusion Matrix ===
[[463   0   0   0   0   0   0   0]
 [  0 450   0   0   0   0   0   0]
 [  0   0 457   0   0   0   0   0]
 [  0   0   0 460   0   0   0   0]
 [  0   0   0   0 508   0   0   0]
 [  0   0   0   0   0 448   0   0]
 [  0   0   0   0   0   0 477   0]
 [  0   0   0   0   0   0   0 449]]
Training Step [90/200]: 100%|██████████| 58/58 [17:32<00:00, 18.15s/it, loss = 0.0003072]
=== Train Confusion Matrix ===
[[459   0   0   0   0   0   0   0]
 [  0 449   0   0   0   0   0   0]
 [  0   0 459   0   0   0   0   0]
 [  0   0   0 459   0   0   0   0]
 [  0   0   0   0 507   0   0   0]
 [  0   0   0   0   0 451   0   0]
 [  0   0   0   0   0   0 474   0]
 [  0   0   0   0   0   0   0 454]]
Test Step [90/200]: 100%|██████████| 10/10 [01:05<00:00,  6.57s/it, loss = 0.1673]
=== Test Confusion Matrix ===
[[78  0  0  0  0  0  0  0]
 [ 0 80  0  0  0  0  0  0]
 [ 0  0 80  0  0  0  0  0]
 [ 0  0  0 80  0  0  0  0]
 [ 0  0  0  0 80  0  0  0]
 [ 2  0  0  0  0 80  0  0]
 [ 0  0  0  0  0  0 80  0]
 [ 0  0  0  0  0  0  0 80]]
Training Step [91/200]: 100%|██████████| 58/58 [17:34<00:00, 18.18s/it, loss = 0.0004729]
=== Train Confusion Matrix ===
[[463   0   0   0   0   0   0   0]
 [  0 450   0   0   0   0   0   0]
 [  0   0 461   0   0   0   0   0]
 [  0   0   0 459   0   0   0   0]
 [  0   0   0   0 504   0   0   0]
 [  0   0   0   0   0 450   0   0]
 [  0   0   0   0   0   0 477   0]
 [  0   0   0   0   0   0   0 448]]
Training Step [92/200]: 100%|██████████| 58/58 [17:37<00:00, 18.23s/it, loss = 0.0008425]
=== Train Confusion Matrix ===
[[467   0   0   0   0   0   0   0]
 [  0 448   0   0   0   0   0   0]
 [  0   0 461   0   0   0   0   0]
 [  0   0   0 453   0   0   0   0]
 [  0   0   0   0 510   0   0   0]
 [  0   0   0   0   0 448   0   0]
 [  0   0   0   0   0   0 475   0]
 [  0   0   0   0   0   0   0 450]]
Training Step [93/200]: 100%|██████████| 58/58 [17:31<00:00, 18.13s/it, loss = 0.0003401]
=== Train Confusion Matrix ===
[[464   0   0   0   0   0   0   0]
 [  0 450   0   0   0   0   0   0]
 [  0   0 457   0   0   0   0   0]
 [  0   0   0 457   0   0   0   0]
 [  0   0   0   0 509   0   0   0]
 [  0   0   0   0   0 448   0   0]
 [  0   0   0   0   0   0 474   0]
 [  0   0   0   0   0   0   0 453]]
Training Step [94/200]: 100%|██████████| 58/58 [17:28<00:00, 18.07s/it, loss = 0.000485]
=== Train Confusion Matrix ===
[[463   0   0   0   0   0   0   0]
 [  0 453   0   0   0   0   0   0]
 [  0   0 457   0   0   0   0   0]
 [  0   0   0 460   0   0   0   0]
 [  0   0   0   0 506   0   0   0]
 [  0   0   0   0   0 443   0   0]
 [  0   0   0   0   0   0 478   0]
 [  0   0   0   0   0   0   0 452]]
Training Step [95/200]: 100%|██████████| 58/58 [17:30<00:00, 18.11s/it, loss = 0.0003696]
Test Step [95/200]:   0%|          | 0/10 [00:00<?, ?it/s]=== Train Confusion Matrix ===
[[460   0   0   0   0   0   0   0]
 [  0 453   0   0   0   0   0   0]
 [  0   0 460   0   0   0   0   0]
 [  0   0   0 460   0   0   0   0]
 [  0   0   0   0 508   0   0   0]
 [  0   0   0   0   0 449   0   0]
 [  0   0   0   0   0   0 473   0]
 [  0   0   0   0   0   0   0 449]]
Test Step [95/200]: 100%|██████████| 10/10 [01:05<00:00,  6.58s/it, loss = 0.1685]
=== Test Confusion Matrix ===
[[78  0  0  0  0  0  0  0]
 [ 0 80  0  0  0  0  0  0]
 [ 0  0 80  0  0  0  0  0]
 [ 0  0  0 80  0  0  0  0]
 [ 0  0  0  0 80  0  0  0]
 [ 2  0  0  0  0 80  0  0]
 [ 0  0  0  0  0  0 80  0]
 [ 0  0  0  0  0  0  0 80]]
Training Step [96/200]: 100%|██████████| 58/58 [17:29<00:00, 18.09s/it, loss = 0.000393]
=== Train Confusion Matrix ===
[[459   0   0   0   0   0   0   0]
 [  0 455   0   0   0   0   0   0]
 [  0   0 457   0   0   0   0   0]
 [  0   0   0 460   0   0   0   0]
 [  0   0   0   0 511   0   0   0]
 [  0   0   0   0   0 445   0   0]
 [  0   0   0   0   0   0 475   0]
 [  0   0   0   0   0   0   0 450]]
Training Step [97/200]: 100%|██████████| 58/58 [17:29<00:00, 18.09s/it, loss = 0.0003215]
=== Train Confusion Matrix ===
[[462   0   0   0   0   0   0   0]
 [  0 447   0   0   0   0   0   0]
 [  0   0 465   0   0   0   0   0]
 [  0   0   0 457   0   0   0   0]
 [  0   0   0   0 508   0   0   0]
 [  0   0   0   0   0 448   0   0]
 [  0   0   0   0   0   0 475   0]
 [  0   0   0   0   0   0   0 450]]
Training Step [98/200]: 100%|██████████| 58/58 [17:48<00:00, 18.41s/it, loss = 0.0003281]
=== Train Confusion Matrix ===
[[463   0   0   0   0   0   0   0]
 [  0 453   0   0   0   0   0   0]
 [  0   0 459   0   0   0   0   0]
 [  0   0   0 456   0   0   0   0]
 [  0   0   0   0 508   0   0   0]
 [  0   0   0   0   0 443   0   0]
 [  0   0   0   0   0   0 476   0]
 [  0   0   0   0   0   0   0 454]]
Training Step [99/200]: 100%|██████████| 58/58 [17:45<00:00, 18.37s/it, loss = 0.0003311]
=== Train Confusion Matrix ===
[[461   0   0   0   0   0   0   0]
 [  0 451   0   0   0   0   0   0]
 [  0   0 463   0   0   0   0   0]
 [  0   0   0 456   0   0   0   0]
 [  0   0   0   0 507   0   0   0]
 [  0   0   0   0   0 449   0   0]
 [  0   0   0   0   0   0 477   0]
 [  0   0   0   0   0   0   0 448]]
Training Step [100/200]: 100%|██████████| 58/58 [17:54<00:00, 18.53s/it, loss = 0.0005092]
=== Train Confusion Matrix ===
[[460   0   0   0   0   0   0   0]
 [  0 447   0   0   0   0   0   0]
 [  0   0 458   0   0   0   0   0]
 [  0   0   0 462   0   0   0   0]
 [  0   0   0   0 506   0   0   0]
 [  0   0   0   0   0 448   0   0]
 [  0   0   0   0   0   0 476   0]
 [  0   0   0   0   0   0   0 455]]
Test Step [100/200]: 100%|██████████| 10/10 [01:21<00:00,  8.12s/it, loss = 0.1679]
=== Test Confusion Matrix ===
[[78  0  0  0  0  0  0  0]
 [ 0 80  0  0  0  0  0  0]
 [ 0  0 80  0  0  0  0  0]
 [ 0  0  0 80  0  0  0  0]
 [ 0  0  0  0 80  0  0  0]
 [ 2  0  0  0  0 80  0  0]
 [ 0  0  0  0  0  0 80  0]
 [ 0  0  0  0  0  0  0 80]]